,abs_amplitude,amplitude_squared,surface_energy,param_0,real_group_sampling_width
0,0.28494166259018094,0.08119175107965652,46.79559564441077,0.28494166259018094,0.05493895450084995
1,0.332661768604473,0.11066385229105594,46.780723265393114,0.332661768604473,0.05622316842953413
2,0.3435993367885556,0.11806050424153525,46.77912014488426,0.3435993367885556,0.05891719502417957
3,0.3606494766091451,0.1300680449784503,46.778387926101885,0.3606494766091451,0.058882354601145326
4,0.37194372422480276,0.13834213399021614,46.779252596344165,0.37194372422480276,0.0574693723737959
5,0.343722794385384,0.11814535938009697,46.77910681424795,0.343722794385384,0.06022311290242927
6,0.3498069375247829,0.12236489354046738,46.77858969200529,0.3498069375247829,0.058777956899698086
7,0.35136939663384675,0.12346045289083352,46.778502305931696,0.35136939663384675,0.057367479872721824
8,0.3611624851980241,0.13043834071441296,46.77840256586697,0.3611624851980241,0.054679588524803396
9,0.3517873192617416,0.12375431799336252,46.778482164079705,0.3517873192617416,0.0521176354247258
10,0.3590575292034196,0.12892230927766452,46.77835682559023,0.3590575292034196,0.052086815891226344
11,0.3356324848010109,0.1126491648537008,46.780207609557145,0.3356324848010109,0.05083690417094854
12,0.35344710904864335,0.12492485889484359,46.77841580037812,0.35344710904864335,0.05080684199221888
13,0.35686845515371823,0.1273550942838014,46.77834897047059,0.35686845515371823,0.04842634225074638
14,0.35686845515371823,0.1273550942838014,46.77834897047059,0.35686845515371823,0.04507640920939918
15,0.3671923059420452,0.13483018954303652,46.77874774748241,0.3671923059420452,0.0439947241185592
16,0.3547261091421268,0.12583061250711208,46.77837968321598,0.3547261091421268,0.04293899590086567
17,0.35272420018838363,0.12441436139853493,46.77844201570195,0.35272420018838363,0.041908601677008106
18,0.36335233332414213,0.1320249181320985,46.77849071456909,0.36335233332414213,0.040902933514724266
19,0.35597719553553886,0.12671976374134727,46.778357179212804,0.35597719553553886,0.0408787457456628
20,0.35943795637035303,0.1291956444796958,46.77836229766057,0.35943795637035303,0.04386479744369322
21,0.35943795637035303,0.1291956444796958,46.77836229766057,0.35943795637035303,0.04083041310907284
22,0.3620949480445847,0.1311127513994105,46.778434994989084,0.3620949480445847,0.040806268224632916
23,0.36438141890538556,0.13277381844350208,46.77854666801075,0.36438141890538556,0.03889433457258516
24,0.3646346753715977,0.13295844648335045,46.77856187811479,0.3646346753715977,0.0398035008765097
25,0.3359610414792632,0.11286982139183122,46.78015415366475,0.3359610414792632,0.04271100963715866
26,0.36014290017373407,0.1297029085455482,46.778375686101775,0.36014290017373407,0.04168608633138648
27,0.3698739881379293,0.13680676710105708,46.779006769533254,0.3698739881379293,0.04266051063897446
28,0.37022900162069056,0.1370695136410533,46.77904606675256,0.37022900162069056,0.044704659935658
29,0.3478021205522411,0.12096631506063564,46.77872937740959,0.3478021205522411,0.04467822403247014
30,0.36037076108916416,0.12986708544798342,46.778380919903526,0.36037076108916416,0.044651803762036854
31,0.338385711695758,0.11450488987984464,46.779782136359245,0.338385711695758,0.04569555257111172
32,0.35322695789356756,0.12476928378274416,46.77842334235346,0.35322695789356756,0.04459901008246203
33,0.3642880939493708,0.1327058153932656,46.77854120693234,0.3642880939493708,0.04564152482402919
34,0.36771069235774234,0.13521115327421024,46.778792650236,0.36771069235774234,0.04454627882304425
35,0.36859293963609546,0.13586075514957832,46.77887474276525,0.36859293963609546,0.04347731511230484
36,0.35042620198566526,0.12279852303809827,46.77855278690074,0.35042620198566526,0.04243400300356382
37,0.35064262609372693,0.12295025123390518,46.77854059046467,0.35064262609372693,0.042408909843323024
38,0.361339573101324,0.13056628708904705,46.77840814580857,0.361339573101324,0.04139123593582078
39,0.34884360817824367,0.121691862966816,46.778652978368214,0.34884360817824367,0.04547982455624006
40,0.353270883041642,0.1248003168050215,46.778421806625,0.353270883041642,0.04438845882814997
41,0.3438799846203483,0.11825344382249098,46.77909000127659,0.3438799846203483,0.043323282276558954
42,0.3589119479499573,0.12881778638123284,46.778355055395025,0.3589119479499573,0.042283666447642525
43,0.3610771278446161,0.13037669225251725,46.77839997292292,0.3610771278446161,0.04225866218826001
44,0.36164730852093085,0.13078877576043335,46.7784184870368,0.36164730852093085,0.04324647062187124
45,0.36518081192890717,0.13335702540105587,46.77859662499636,0.36518081192890717,0.04751831763634656
46,0.3567137912185664,0.12724472884552296,46.778349925194306,0.3567137912185664,0.04979523683213278
47,0.3560534834353247,0.12677408306642907,46.778356220758106,0.3560534834353247,0.04746213475852605
48,0.3560534834353247,0.12677408306642907,46.778356220758106,0.3560534834353247,0.04417890158313567
49,0.3619144006284952,0.13098203338228295,46.778428127442226,0.3619144006284952,0.0452115961671972
50,0.3700084567499267,0.1369062580664624,46.779021515239265,0.3700084567499267,0.04851414767760033
51,0.3741888863289202,0.14001732265207759,46.77956546100562,0.3741888863289202,0.048485459050663156
52,0.3365804683492519,0.11328641167420178,46.78005533754294,0.3365804683492519,0.0484567873886188
53,0.3607465379708304,0.13013806465793978,46.77839052238528,0.3607465379708304,0.04842813268143515
54,0.35394232970496203,0.12527517275697606,46.77840025386336,0.35394232970496203,0.04726601728632056
55,0.36693614904873795,0.13464213747871764,46.7787264651706,0.36693614904873795,0.04723806673577715
56,0.37631938761023376,0.14161628149134137,46.77990768129252,0.37631938761023376,0.048342270188816275
57,0.3608608524527959,0.13022055483295855,46.77839368395088,0.3608608524527959,0.04607724529897376
58,0.3688226754970234,0.13603016596078263,46.77889729804636,0.3688226754970234,0.04604999772349414
59,0.33795591144032355,0.11421419807745982,46.779845170010375,0.33795591144032355,0.049413791582338884
60,0.3547978525864217,0.12588151619993623,46.778378048402686,0.3547978525864217,0.05056885323204966
61,0.35875422290379444,0.12870459245130542,46.77835333940841,0.35875422290379444,0.055563998537514696
62,0.36741437984873404,0.13499332651962984,46.77876668262716,0.36741437984873404,0.056862823051078364
63,0.35696324393075607,0.12742275751756846,46.77834848316363,0.35696324393075607,0.05682919747183605
64,0.3616046229866697,0.13075790336533152,46.77841700366655,0.3616046229866697,0.05416652676479791
65,0.35320798835785455,0.12475588303980231,46.778424010337915,0.35320798835785455,0.05286670884558687
66,0.3446743151640728,0.11880038353382259,46.77900779212152,0.3446743151640728,0.05283544635082872
67,0.34706725291740864,0.1204556780476365,46.77878822606722,0.34706725291740864,0.052804202343008755
68,0.34465329189319377,0.11878589161281503,46.77900990853939,0.34465329189319377,0.05277297681119482
69,0.34466381890512243,0.11879314806226303,46.779008848377806,0.34466381890512243,0.05274176974446118
70,0.3541009493406594,0.12538748232395622,46.778395690859355,0.3541009493406594,0.05397462384488355
71,0.37046005317362196,0.13724065099740282,46.77907227753541,0.37046005317362196,0.05523629626597078
72,0.3502673024494916,0.12268718316524363,46.77856197320736,0.3502673024494916,0.05391080740844967
73,0.3570331982891697,0.12747270468059355,46.77834817125265,0.3570331982891697,0.05261712591004172
74,0.3834287574607245,0.1470176120478751,46.781380258891126,0.3834287574607245,0.050151807269590426
75,0.3623431203583496,0.1312925368710254,46.77844489774416,0.3623431203583496,0.05012215021988724
76,0.36430391513905364,0.1327173425856428,46.778542127290365,0.36430391513905364,0.05378340080482988
77,0.3384929985895871,0.1145775100941702,46.77976659926067,0.3384929985895871,0.0524927766445291
78,0.3346012810001967,0.1119580172469726,46.78038004226777,0.3346012810001967,0.051233123205644715
79,0.3490712639311038,0.12185074730245835,46.77863737976087,0.3490712639311038,0.050003697293050986
80,0.3667309805990484,0.1344916121311396,46.778709850067216,0.3667309805990484,0.04880377354585308
81,0.3468921992465573,0.1203341978981132,46.7788028435279,0.3468921992465573,0.04877491364993803
82,0.3550023686752783,0.1260266817650582,46.7783736173035,0.3550023686752783,0.051112044732992454
83,0.3550023686752783,0.1260266817650582,46.7783736173035,0.3550023686752783,0.04757632595879105
84,0.3443266340083739,0.11856083088753665,46.77904320875173,0.3443266340083739,0.045347188559098715
85,0.34894220536747167,0.12176066268671477,46.77864617396054,0.34894220536747167,0.04640719218864288
86,0.33960418138769494,0.11533100001600641,46.77961034484208,0.33960418138769494,0.049797077873930166
87,0.35205585351235813,0.12394332399231496,46.77846994725208,0.35205585351235813,0.04860211231104775
88,0.36104948031403755,0.13035672723503658,46.77839914652254,0.36104948031403755,0.049738200723366446
89,0.35054890936738214,0.1228845378586611,46.77854582710275,0.35054890936738214,0.049708788258067425
90,0.35433140723870216,0.12555074615575898,46.77838942247612,0.35433140723870216,0.048515941354653015
91,0.36106341067651243,0.13036678652935588,46.77839956208583,0.36106341067651243,0.04735171884110702
92,0.3506050314259182,0.12292388806116909,46.778542682946245,0.3506050314259182,0.04845857894493272
93,0.3736961939085354,0.1396488453417257,46.77949263835637,0.3736961939085354,0.049591312223363805
94,0.36222303738906625,0.13120552881536088,46.77844003911453,0.36222303738906625,0.049561986619930436
95,0.37588847522343,0.14129214580579513,46.77983486047226,0.37588847522343,0.051936831612967416
96,0.35277596683845797,0.1244508827788088,46.77844000007054,0.35277596683845797,0.05315087005208743
97,0.36606870325440033,0.1340062955023582,46.778658823547104,0.36606870325440033,0.05311943951985498
98,0.3494845450483605,0.12213944722765953,46.77861007773085,0.3494845450483605,0.054361121760354104
99,0.36342288890032737,0.1320761961766597,46.77849425207331,0.36342288890032737,0.05563182868184208
100,0.36342288890032737,0.1320761961766597,46.77849425207331,0.36342288890032737,0.05178345004347822
101,0.3477004070484582,0.12089557306166354,46.778737279824135,0.3477004070484582,0.04935719238589868
102,0.3545729089122039,0.12572194773446205,46.778383313780125,0.3545729089122039,0.05051093101304593
103,0.35985597131652297,0.1294963200921582,46.77836972615354,0.35985597131652297,0.05048106159710335
104,0.3646714061836215,0.13298523448793984,46.77856413152337,0.3646714061836215,0.05045120984430794
105,0.35888478929344014,0.12879829198619694,46.77835474496433,0.35888478929344014,0.05543473444298534
106,0.3490688647372812,0.12184907232897432,46.77863754208116,0.3490688647372812,0.05283739979600347
107,0.36854484467362675,0.13582530253550767,46.7788700826423,0.36854484467362675,0.05536919165723151
108,0.3572812943626399,0.12764992330144334,46.778347392236604,0.3572812943626399,0.055336449330316416
109,0.36866351697271904,0.1359127887466943,46.778881620018666,0.36866351697271904,0.054008557129707334
110,0.361604009987276,0.130757460038878,46.77841698247907,0.361604009987276,0.05527102275112778
111,0.35850865777819535,0.1285284577019232,46.778351084925426,0.35850865777819535,0.052681358638760174
112,0.34549092255150793,0.11936397756549205,46.778928096404,0.34549092255150793,0.05021303044313652
113,0.3493395897685443,0.12203814897965481,46.77861950437866,0.3493395897685443,0.05261907128341921
114,0.35824507038505815,0.12833953045519528,46.77834922910358,0.35824507038505815,0.0525879552280396
115,0.36257437238685747,0.1314601755117236,46.77845460873098,0.36257437238685747,0.0551077945380551
116,0.3440900689699812,0.1183979755637664,46.77906781115306,0.3440900689699812,0.05639595515137257
117,0.36365177599106124,0.132242614181453,46.778506030043474,0.36365177599106124,0.05504263830691107
118,0.3336832733756871,0.11134452693071353,46.78053944071331,0.3336832733756871,0.05632927587450742
119,0.3561462218722471,0.12684013135387584,46.77835511997281,0.3561462218722471,0.05629596580603124
120,0.36134601615040757,0.13057094338777062,46.77840835392996,0.36134601615040757,0.058993480608007944
121,0.3458851568366845,0.11963654171993786,46.77889138234345,0.3458851568366845,0.05622940475071624
122,0.34917549997878533,0.12192352978543472,46.77863037014167,0.34917549997878533,0.05619615374058797
123,0.3358306320467246,0.11278221342090251,46.78017528497064,0.3358306320467246,0.057509755064599766
124,0.33435375856838767,0.11179243586880767,46.780422476779684,0.33435375856838767,0.061710644760002945
125,0.355020031227687,0.12603922257290784,46.77837325055634,0.355020031227687,0.06167415244280638
126,0.34118159580186386,0.1164048813139064,46.779403286989385,0.34118159580186386,0.06019417627882957
127,0.342267429517857,0.1171469933087612,46.779270953439365,0.342267429517857,0.06307848031696267
128,0.3723868512874352,0.13867196701177037,46.77931050899617,0.3723868512874352,0.06455295801242045
129,0.3267386545219162,0.1067581483587921,46.78191937183836,0.3267386545219162,0.06606190204986175
130,0.3611545127891004,0.13043258210793246,46.778402321025695,0.3611545127891004,0.06296664293545028
131,0.36018187502521587,0.1297309830966802,46.77837654986415,0.36018187502521587,0.060016408845872594
132,0.345359491468595,0.11927317834744655,46.77894059168411,0.345359491468595,0.05998091840760025
133,0.3462784270043704,0.11990874900862107,46.77885590667327,0.3462784270043704,0.059945448956441806
134,0.34586985625558486,0.11962595746625894,46.77889278577564,0.34586985625558486,0.06134669113897912
135,0.36196858152108474,0.13102125400838618,46.77843015858541,0.36196858152108474,0.05987457296583143
136,0.36196858152108474,0.13102125400838618,46.77843015858541,0.36196858152108474,0.05573269891562478
137,0.33847832950446016,0.11456757954412991,46.77976871894912,0.33847832950446016,0.05703546684925009
138,0.3466852913306557,0.1201906912250216,46.778820417007964,0.3466852913306557,0.061201711422720885
139,0.3418014411235296,0.11682822515412168,46.77932671835785,0.3418014411235296,0.06116552006100533
140,0.35341551940160226,0.1249025293539043,46.7784168587667,0.35341551940160226,0.06259528175798736
141,0.3656325129667144,0.13368713453835457,46.77862738150504,0.3656325129667144,0.05966244739553852
142,0.3539151750600754,0.12525595113780383,46.77840105531271,0.3539151750600754,0.06252127276015071
143,0.35725812476967894,0.12763336771394748,46.778347443358626,0.35725812476967894,0.06248430108166688
144,0.350090382651153,0.12256327602483073,46.77857243163035,0.350090382651153,0.06394488966589142
145,0.3653006416573264,0.13344455879525438,46.77860460583932,0.3653006416573264,0.06700891537208212
146,0.35873612245959247,0.1286916055573437,46.77835315589845,0.35873612245959247,0.06540092249992083
147,0.36834834708842584,0.13568050480277544,46.77885126513205,0.36834834708842584,0.0638315161510985
148,0.3599068150587913,0.12953291552576301,46.77837073108538,0.3599068150587913,0.06689010937682763
149,0.3649782712602985,0.13320913849215604,46.77858342780783,0.3649782712602985,0.06528496745655056
150,0.36965091824565305,0.1366418013598545,46.778982680832,0.36965091824565305,0.06524636147941552
151,0.35521272047062863,0.12617607678414494,46.77836941434104,0.35521272047062863,0.06837274937144082
152,0.3747674335586329,0.14045062925612434,46.779653989075946,0.3747674335586329,0.06997098213511449
153,0.36962652621282976,0.13662376888016373,46.77898007499572,0.36962652621282976,0.0733237580812392
154,0.3789267801440319,0.1435855047103235,46.78038784730355,0.3789267801440319,0.07503772210343293
155,0.35477824954865617,0.12586760635280855,46.7783784909526,0.35477824954865617,0.0749933488779164
156,0.36239808256137923,0.13133237024416425,46.778447163489936,0.36239808256137923,0.07674634006718634
157,0.35046677274480137,0.12282695879815625,46.77855047283476,0.35046677274480137,0.07854030793179664
158,0.353206478181871,0.12475481622964052,46.77842406364002,0.353206478181871,0.08037621031336811
159,0.34832749666015217,0.12133204492952832,46.77868980718196,0.34832749666015217,0.07844744646817566
160,0.3718744646137986,0.13829061743179932,46.7792437140929,0.3718744646137986,0.08028117818621515
161,0.3605561101065867,0.13000070853519308,46.77838550494049,0.3605561101065867,0.08215777391277415
162,0.3605561101065867,0.13000070853519308,46.77838550494049,0.3605561101065867,0.07647444065566258
163,0.3536390168924695,0.12506055426867235,46.7784095423559,0.3536390168924695,0.07642921783297633
164,0.3602405198184632,0.1297732321190766,46.77837787400882,0.3602405198184632,0.07459516878416139
165,0.3597662094475415,0.1294317254602523,46.77836800573891,0.3597662094475415,0.0745510572605954
166,0.36592934703335767,0.1339042870202595,46.77864859183109,0.36592934703335767,0.07105804794184008
167,0.35187199297032595,0.12381389943690911,46.778478250542065,0.35187199297032595,0.07271905033515293
168,0.3471242828956475,0.12049526777581752,46.77878351357174,0.3471242828956475,0.07267604824594474
169,0.3507428309181022,0.12302053344044443,46.7785350669107,0.3507428309181022,0.07263307158583208
170,0.3703475135733564,0.1371572808099674,46.779059448247196,0.3703475135733564,0.07793866750825715
171,0.33537146670245455,0.11247402067815558,46.78025058947601,0.33537146670245455,0.07789257882148924
172,0.3688173425520444,0.13602623216715207,46.77889676892253,0.3688173425520444,0.0760234139373282
173,0.353026504067404,0.1246277125740528,46.77843054618815,0.353026504067404,0.0741991028430537
174,0.3739548861101523,0.139842256845657,46.77953058066233,0.3739548861101523,0.07593352830186806
175,0.36227111001259166,0.1312403571497553,46.77844196907679,0.36227111001259166,0.07588862534531297
176,0.3526026070708588,0.12432859851316642,46.77844683388476,0.3526026070708588,0.08143202826631889
177,0.360674536023062,0.13008612093545105,46.77838858866839,0.360674536023062,0.08533397929350686
178,0.3505323610090832,0.12287293611460223,46.77854675887649,0.3505323610090832,0.089422898791734
179,0.3572979079021696,0.12766179499126726,46.778347358325576,0.3572979079021696,0.09370774566615298
180,0.36420806710278975,0.1326475161427502,46.77853658562901,0.36420806710278975,0.09145906896006419
181,0.35571637454482036,0.1265341391193109,46.77836081651418,0.35571637454482036,0.08926435307538412
182,0.34507120595481827,0.11907413717911261,46.778968445368164,0.34507120595481827,0.08508196816251734
183,0.3361259870382566,0.11298067916244223,46.78012758898917,0.3361259870382566,0.08707078374131541
184,0.35488045521267164,0.12594013749195304,46.778376217840474,0.35488045521267164,0.09124292511235393
185,0.36528446351557237,0.13343273928585953,46.77860352083546,0.36528446351557237,0.08905339596684955
186,0.35670950594413353,0.12724167163090783,46.7783499544622,0.35670950594413353,0.08488089522159953
187,0.3496670688958145,0.12226705907019028,46.77859843789878,0.3496670688958145,0.08894810444320188
188,0.35877586492030766,0.12872012124931484,46.77835356244849,0.35877586492030766,0.09102729207416137
189,0.35587326777836764,0.12664578271925375,46.77835856174289,0.35587326777836764,0.09097346348707024
190,0.37025947762877104,0.1370920807739304,46.77904949528266,0.37025947762877104,0.08671100005064965
191,0.3530216141632216,0.12462426006640649,46.77843072592347,0.3530216141632216,0.08665972388378113
192,0.3340898774052223,0.11161604618463646,46.78046815886884,0.3340898774052223,0.09298991848573919
193,0.3542449519651518,0.12548948599279272,46.77839172383327,0.3542449519651518,0.09075846726350044
194,0.3695381103212217,0.1365584149797794,46.778970675934005,0.3695381103212217,0.09070479764477364
195,0.34267273082377847,0.11742460045022574,46.779223712325276,0.34267273082377847,0.09282504848668029
196,0.3557616761560504,0.1265663702213625,46.77836014477099,0.3557616761560504,0.08847583103367351
197,0.36541387123041097,0.13352729728759538,46.77861226541174,0.36541387123041097,0.09054397913728537
198,0.3437334613127132,0.1181526924260185,46.77910566764764,0.3437334613127132,0.0883712223890015
199,0.34734331298136867,0.12064737707287303,46.778765641928736,0.34734331298136867,0.08831896445698653
200,0.37495168946682406,0.14058876943402565,46.77968286999305,0.37495168946682406,0.08420112785019336
201,0.3505122519724205,0.12285883878277758,46.778547894003644,0.3505122519724205,0.08615023189132599
202,0.37078601549539913,0.13748226928695437,46.77911010917019,0.37078601549539913,0.0881348137927454
203,0.36307813887483514,0.13182573492881408,46.778477382911376,0.36307813887483514,0.08808471282298216
204,0.366841416856372,0.1345726251211905,46.77871874591782,0.366841416856372,0.09656588912240824
205,0.3762774839229349,0.14158474490737455,46.77990051918377,0.3762774839229349,0.09651205269555725
206,0.35076155851381474,0.12303367093104028,46.778534043270284,0.35076155851381474,0.09645876320692613
207,0.3625737376239687,0.1314597152146145,46.77845458143609,0.3625737376239687,0.09211038957654151
208,0.3475181488398067,0.12076886377304603,46.77875163546872,0.3475181488398067,0.09417245975231704
209,0.36601122572888894,0.1339642173595637,46.7786545822337,0.36601122572888894,0.0920209964131866
210,0.34849122206962924,0.12144613185958364,46.77867790416382,0.34849122206962924,0.09197208880403421
211,0.3606277176191623,0.13005235071520627,46.77838735516912,0.3606277176191623,0.0983020997147478
212,0.3635832996256103,0.13219281576664632,46.77850245797137,0.3635832996256103,0.09397305996262517
213,0.3614352148789275,0.1306354145545765,46.778411272058165,0.3614352148789275,0.0981797215799907
214,0.3489731781941419,0.12178227909892032,46.778644051807625,0.3489731781941419,0.10255413753521338
215,0.36181183086,0.13090780095026527,46.77842435209841,0.36181183086,0.10027671403400057
216,0.3510192272668255,0.12321449791099928,46.77852023693427,0.3510192272668255,0.09806019742274162
217,0.35359166013002946,0.12502706211351028,46.778411059215486,0.35359166013002946,0.0938393743146385
218,0.3506072649565622,0.122925454240321,46.77854255832289,0.3506072649565622,0.09584588056279662
219,0.35780280866811875,0.1280228498907944,46.778347423468155,0.35780280866811875,0.09788613485720578
220,0.35099114541426973,0.12319478415922104,46.778521716448125,0.35099114541426973,0.10212842358187381
221,0.34402545058451856,0.11835351064988102,46.779074602267556,0.34402545058451856,0.10207937431020701
222,0.34102507221620443,0.11629809988006745,46.779423052073206,0.34102507221620443,0.0998841252200412
223,0.3299756583448016,0.10888393510008522,46.781238548326826,0.3299756583448016,0.09983700407652286
224,0.3384582008527315,0.11455395372446793,46.77977162995144,0.3384582008527315,0.10408651126542463
225,0.3718414523978084,0.13826606572131162,46.77923949650084,0.3718414523978084,0.1040382702947437
226,0.3458396627107776,0.11960507230390441,46.77889556034506,0.3458396627107776,0.10618575560954623
227,0.35152026191837743,0.12356649453916467,46.77849487672573,0.35152026191837743,0.10395260260651651
228,0.35152026191837743,0.12356649453916467,46.77849487672573,0.35152026191837743,0.09764677435862065
229,0.36593593197908636,0.13390910631340253,46.778649071361784,0.36593593197908636,0.09760307393874688
230,0.3553229481919359,0.12625439751180914,46.77836735574201,0.3553229481919359,0.09755976935228967
231,0.3375182025049281,0.11391853702215765,46.779910659738846,0.3375182025049281,0.09953083408571609
232,0.36739168984245046,0.13497665376529133,46.77876472729233,0.36739168984245046,0.09748284443226365
233,0.36271126271640397,0.1315594601013282,46.77846057733515,0.36271126271640397,0.09943579210844233
234,0.3543960441596114,0.12559655611598122,46.778387741319385,0.3543960441596114,0.09740728195391979
235,0.3398936170490447,0.11552767091068264,46.77957104869959,0.3398936170490447,0.09736587099917574
236,0.34345850213010404,0.11796374268545468,46.77913548667745,0.34345850213010404,0.09732482523924707
237,0.3629836050370321,0.1317570975256801,46.77847293970086,0.3629836050370321,0.10123998719312106
238,0.3570393430288413,0.12747709247046662,46.778348145792044,0.3570393430288413,0.10119801756887736
239,0.34538357619262244,0.11928981470360503,46.778938292383934,0.34538357619262244,0.10317550332940756
240,0.35010744948934475,0.12257522618793408,46.778571412177456,0.35010744948934475,0.10518339531203366
241,0.35632476265043006,0.12696733647788533,46.778353199784114,0.35632476265043006,0.10722203541571744
242,0.35794419120598375,0.12812404401810584,46.7783478227559,0.35794419120598375,0.10510714008304833
243,0.3530539948153612,0.12464712325508509,46.77842953927441,0.3530539948153612,0.10506532997787653
244,0.3461235237491455,0.1198014936925253,46.77886974277429,0.3461235237491455,0.10103473182339348
245,0.3567513672947685,0.1272715380666868,46.77834967505341,0.3567513672947685,0.10296160800683345
246,0.34268308392412283,0.11743169600774742,46.77922252100673,0.34268308392412283,0.10292163755620821
247,0.3713451974034079,0.13789725563457597,46.77917734471666,0.3713451974034079,0.10486890952971584
248,0.365622431944513,0.13367976274102003,46.77862667509105,0.365622431944513,0.10890028554151582
249,0.3720322130195211,0.13840796752420234,46.77926401119676,0.3720322130195211,0.10480503413337962
250,0.35043244463063633,0.122802898249804,46.77855243000187,0.35043244463063633,0.10476563108514579
251,0.36974710372624914,0.13671292071394964,46.778993010613696,0.36974710372624914,0.10472655400981791
252,0.36034887523446874,0.1298513118827467,46.77838039792541,0.36034887523446874,0.10666939643760333
253,0.3575055843379641,0.12781024283282916,46.77834712807054,0.3575055843379641,0.10465705942214748
254,0.3720048061494627,0.1383875757982993,46.77926046778992,0.3720048061494627,0.10461893356934425
255,0.36459343039147185,0.13292836948462103,46.778559362094484,0.36459343039147185,0.10653736786881303
256,0.37489818141495185,0.14054864642823814,46.77967444871098,0.37489818141495185,0.10455112065231013
257,0.36350996818477854,0.1321394969696987,46.7784986785106,0.36350996818477854,0.10451391172639345
258,0.36245389377956927,0.1313728251159713,46.77844949120683,0.36245389377956927,0.10640854203857116
259,0.3516217003875228,0.12363782018341284,46.77848998194882,0.3516217003875228,0.10444772020173053
260,0.35092955090655953,0.12315154969947956,46.77852498316953,0.35092955090655953,0.10068338538265076
261,0.36055969395927934,0.1300032929080092,46.77838559649643,0.36055969395927934,0.10248797508423652
262,0.37189779230736,0.13830796792308825,46.77924670066511,0.37189779230736,0.09882201179020283
263,0.3720496232310124,0.1384209221463383,46.77926626586771,0.3720496232310124,0.09878841832906608
264,0.36770755962271606,0.1352088494036933,46.77879237148878,0.36770755962271606,0.10053928173310818
265,0.3578933962777113,0.12808768309919488,46.778347660076946,0.3578933962777113,0.09698308593952437
266,0.35347116997751704,0.12494186800527475,46.77841499959159,0.35347116997751704,0.09524306926739767
267,0.3599002725054293,0.12952820614948224,46.778370600536505,0.3599002725054293,0.09691246477797912
268,0.3579190744775507,0.1281060638748665,46.77834773961977,0.3579190744775507,0.09518671555578809
269,0.36449377875416145,0.1328557147504876,46.7785533456819,0.36449377875416145,0.0985600090285439
270,0.35751186245031596,0.12781473179269365,46.77834712669828,0.35751186245031596,0.09852820898502528
271,0.3814463444186977,0.14550131367038774,46.78091738006005,0.3814463444186977,0.0984966519500842
272,0.36788182577720374,0.13533703773716887,46.778808014301745,0.36788182577720374,0.10555532794715482
273,0.36064778512422957,0.13006682491501245,46.77838788157348,0.36064778512422957,0.10552201078779659
274,0.36046027316661355,0.12993160853134966,46.77838309744913,0.36046027316661355,0.10732513238828091
275,0.35661102450240534,0.12717142279665514,46.77835066887548,0.35661102450240534,0.10729174461214062
276,0.34904713968020257,0.12183390571893084,46.77863901392298,0.34904713968020257,0.10543665022621815
277,0.3550282670223709,0.1260450703849079,46.77837308041414,0.3550282670223709,0.10721913172139673
278,0.33847940410060634,0.11456830700030156,46.77976856361942,0.33847940410060634,0.10718648867960509
279,0.35211951920249895,0.12398815580339903,46.77846713422923,0.35211951920249895,0.10898578150847116
280,0.35083859107295995,0.12308771698605961,46.77852986145792,0.35083859107295995,0.10712836623768186
281,0.3556135999313035,0.12646103245610116,46.77836240273423,0.3556135999313035,0.10891409797487932
282,0.35611246994360024,0.12681609124933158,46.7783555124245,0.35611246994360024,0.10529043289436418
283,0.3543616364387106,0.1255721693795209,46.778388632038244,0.3543616364387106,0.10703333033803077
284,0.366985551760208,0.1346783952007443,46.778730523160604,0.366985551760208,0.10523492909481853
285,0.3563039945083491,0.12695253650260566,46.77835340966643,0.3563039945083491,0.10696488479542927
286,0.37896155423310085,0.14361185958676745,46.78039471389466,0.37896155423310085,0.10345511019617246
287,0.3399931338525214,0.11559533106685853,46.779557672281896,0.3399931338525214,0.10342554652319486
288,0.37103943058343714,0.13767025904768126,46.77914021321184,0.37103943058343714,0.10171194358500904
289,0.3637078825774361,0.13228342384896202,46.7785089877018,0.3637078825774361,0.10506684918225641
290,0.3600403942316721,0.12962908547849789,46.77837347627489,0.3600403942316721,0.10503743940072915
291,0.34779663713171005,0.1209625008001264,46.77872980143744,0.34779663713171005,0.10672912073868394
292,0.36563223059991345,0.1336869280534683,46.77862736170613,0.36563223059991345,0.10669965120352477
293,0.3606841645744682,0.1300930665747821,46.778388844678965,0.3606841645744682,0.10496202316871964
294,0.3636169668344483,0.13221729856988426,46.778504209050695,0.3636169668344483,0.10836520762720211
295,0.3579115950359319,0.1281007098611649,46.77834771588198,0.3579115950359319,0.10661244127703465
296,0.34210461639653317,0.11703556855981911,46.77929026135122,0.34210461639653317,0.10658378979577054
297,0.3524265694662108,0.12420448686572191,46.77845401732526,0.3524265694662108,0.10655533750550468
298,0.3683813820962649,0.13570484267515434,46.778854403793176,0.3683813820962649,0.10484922626005844
299,0.34596486177820274,0.11969168558521093,46.77888409956895,0.34596486177820274,0.10649340411692575
300,0.37830817867724215,0.14311707805409216,46.78026774412754,0.37830817867724215,0.10646553856913327
301,0.37926541489679083,0.1438422549368349,46.78045523786366,0.37926541489679083,0.10812414204366769
302,0.34274522287263454,0.11747428780201193,46.77921538692036,0.34274522287263454,0.10980309351622652
303,0.36006321046943046,0.12964551553355338,46.7783739603888,0.36006321046943046,0.10639951488648304
304,0.3577759544960834,0.12800363361558353,46.77834736649701,0.3577759544960834,0.1047295808519698
305,0.32043260678641533,0.10267705549193747,46.783425094074666,0.32043260678641533,0.10470306316545708
306,0.33196237892129365,0.11019902101908455,46.78085300787286,0.33196237892129365,0.10467672425037064
307,0.3248271552071051,0.10551268075994073,46.78235124053182,0.3248271552071051,0.10147374258090626
308,0.3787988070137301,0.14348853619502513,46.78036268303064,0.3787988070137301,0.1062338351973681
309,0.3457568184627449,0.11954777751347954,46.778903207843406,0.3457568184627449,0.10784663140157426
310,0.36610479302504423,0.13403271947591047,46.77866150188805,0.36610479302504423,0.10947871066418842
311,0.353623847001811,0.12504982516836022,46.77841002629765,0.353623847001811,0.11283417061222183
312,0.35638172125171796,0.1270079312423372,46.77835264238526,0.35638172125171796,0.11280686178004537
313,0.3517740973724214,0.1237450155821818,46.77848278027882,0.3517740973724214,0.11108735987309815
314,0.356235035320657,0.12690340038990972,46.77835413202318,0.356235035320657,0.11106081342856539
315,0.3681968229759913,0.1355689004496135,46.77883699773371,0.3681968229759913,0.10937869298780989
316,0.3599437436977049,0.12955949862711905,46.77837147479248,0.3599437436977049,0.1143782923856969
317,0.35518487513107566,0.12615629552187782,46.77836995003432,0.35518487513107566,0.11607156005232108
318,0.3677822432378342,0.13526377844105344,46.778799041258175,0.3677822432378342,0.11264113413431756
319,0.3340149259427213,0.1115659707525216,46.78048121738273,0.3340149259427213,0.11261504928167884
320,0.3660052551796514,0.13395984681912174,46.77865414337196,0.3660052551796514,0.11258913236763071
321,0.3726695668189033,0.13888260603298902,46.779348438931436,0.3726695668189033,0.11091579129354646
322,0.3537234352337745,0.12512026863358225,46.77840688299832,0.3537234352337745,0.10927244801782163
323,0.3514846939777673,0.12354149010064475,46.77849661214334,0.3514846939777673,0.1076584734207832
324,0.36651084944263335,0.13433020275916066,46.778692448595365,0.36651084944263335,0.10921832420293022
325,0.3652492014191169,0.13340697913730262,46.77860116407697,0.3652492014191169,0.11574445600542248
326,0.36861322041276295,0.13587570626306816,46.77887671426444,0.36861322041276295,0.11405064674307318
327,0.36346317671723866,0.13210548082938667,46.778496291686906,0.36346317671723866,0.11402550559188346
328,0.356835624020175,0.1273316625698677,46.77834915659398,0.356835624020175,0.11075696922616443
329,0.339835937276272,0.11548846426444226,46.77957883324976,0.339835937276272,0.10915095074622956
330,0.36432916644951585,0.13273574152579903,46.77854360082879,0.36432916644951585,0.107573024129332
331,0.34450767421202966,0.11868553759098197,46.77902465673413,0.34450767421202966,0.11067072214469155
332,0.3667215935226514,0.13448472715579274,46.77870909903247,0.3667215935226514,0.11223612328846165
333,0.3593832450297496,0.12915631680811304,46.778361435214926,0.3593832450297496,0.11221226132148361
334,0.37228451528432394,0.138595760320484,46.77929696798691,0.37228451528432394,0.11060953797085132
335,0.3676330957258357,0.13515409307296147,46.77878577226163,0.3676330957258357,0.11375661862991984
336,0.35748076358877395,0.1277924963360129,46.778347136709115,0.35748076358877395,0.1153467800912535
337,0.3328771407336699,0.11080719082302348,46.780683945995996,0.3328771407336699,0.11695445168613781
338,0.33619477858295443,0.11302692914644176,46.780116563833026,0.33619477858295443,0.12194882913865675
339,0.37494246259629044,0.14058185025777065,46.779681415835455,0.37494246259629044,0.12023276989905957
340,0.3564136871636154,0.1270307163975635,46.77835234127043,0.3564136871636154,0.11854584312333248
341,0.3663169070264317,0.13418807637341143,46.77867748151352,0.3663169070264317,0.11852180277351972
342,0.3721743812145389,0.1385137700324249,46.77928250702624,0.3721743812145389,0.1201499062351909
343,0.3557406050417017,0.12655137807543598,46.77836045512915,0.3557406050417017,0.12012582254919806
344,0.36159107589367295,0.13074810616594396,46.778416536188644,0.36159107589367295,0.12010188280992186
345,0.373192750868743,0.13927282930097967,46.77942065533125,0.373192750868743,0.1268547733569303
346,0.3420177382743678,0.11697613329431397,46.77930064156615,0.3420177382743678,0.1234053483374408
347,0.3625538119583784,0.1314452665655512,46.77845372642008,0.3625538119583784,0.1267949936118241
348,0.3684013180059356,0.1357195311085105,46.77885630277874,0.3684013180059356,0.1250569559182705
349,0.3498824858132242,0.12241775387884102,46.77858503081157,0.3498824858132242,0.12503273912082538
350,0.36275108327482414,0.1315883484170584,46.77846234434577,0.36275108327482414,0.12500866451875103
351,0.3701763482595366,0.13703052881076572,46.77904016382337,0.3701763482595366,0.12498473086374061
352,0.34634953145672404,0.11995799794029227,46.77884961538154,0.34634953145672404,0.12665348652142897
353,0.3542160278682744,0.12546899439877815,46.77839250722655,0.3542160278682744,0.12494201719032373
354,0.36859045201830276,0.13585892131905675,46.77887450120516,0.36859045201830276,0.12660090215515052
355,0.3714349325096794,0.1379639090884701,46.77918841004492,0.3714349325096794,0.12827713987871486
356,0.3399117795043374,0.11554001784580527,46.77956860226637,0.3399117795043374,0.12488585618874982
357,0.35399772185074024,0.12531438707551407,46.778398637392144,0.35399772185074024,0.12486273933712111
358,0.35390870131898694,0.12525136886929192,46.7784012472556,0.35390870131898694,0.12818696572770158
359,0.36763976599167214,0.13515899753841146,46.77878636132942,0.36763976599167214,0.12648376893228913
360,0.35989459305580457,0.12952411811080317,46.778370487505555,0.35989459305580457,0.12317661527448323
361,0.35849317382692236,0.12851735568049996,46.77835095977435,0.35849317382692236,0.12315431499730205
362,0.3572389229275132,0.1276196480544097,46.77834748910521,0.3572389229275132,0.1215315674262619
363,0.35947208178967494,0.12922017758620274,46.77836284845588,0.35947208178967494,0.12150980565974857
364,0.3233573443507454,0.10455997214556656,46.78269800603645,0.3233573443507454,0.12307936724423406
365,0.36586199704130484,0.13385500087905175,46.77864370970384,0.36586199704130484,0.12794283068655307
366,0.3483568826237188,0.12135251767131539,46.778687655770895,0.3483568826237188,0.13471677564490933
367,0.35491920427192075,0.12596764156101342,46.778375378199684,0.35491920427192075,0.13296589507972928
368,0.37204269493754927,0.13841576685639434,46.77926536828792,0.37204269493754927,0.1329427255819133
369,0.360961994477906,0.13029356145746784,46.778396574896746,0.360961994477906,0.13291968494886774
370,0.3520869827111823,0.12396524339466436,46.77846856783215,0.3520869827111823,0.13460913871246924
371,0.3493786879775989,0.12206546761294843,46.7786169458594,0.3493786879775989,0.13287854747523964
372,0.36198778579916535,0.1310351570677824,46.77843088464154,0.36198778579916535,0.13628295789238332
373,0.3592186757906025,0.129038057036754,46.778358993939484,0.3592186757906025,0.13625984000536925
374,0.3464720231528727,0.12004286282764474,46.77883886575133,0.3464720231528727,0.1328289326555651
375,0.3564664228334665,0.12706831060768775,46.77835186290832,0.3564664228334665,0.13620482953513527
376,0.3564664228334665,0.12706831060768775,46.77835186290832,0.3564664228334665,0.13113072606238843
377,0.35915404216778024,0.12899162600545566,46.77835809786254,0.35915404216778024,0.12947172498015144
378,0.3305680153527267,0.10927521277424054,46.78112098736587,0.3305680153527267,0.1327361650491241
379,0.34950541269511387,0.12215403350318187,46.77860873398326,0.34950541269511387,0.13438371595608584
380,0.35342354973811113,0.12490820550948711,46.77841658895913,0.35342354973811113,0.13105288059092074
381,0.3475479880245707,0.12078960397992715,46.778749268009726,0.3475479880245707,0.13267110385533643
382,0.3425260922973808,0.11732412390451383,46.779240668396035,0.3425260922973808,0.13430507259089003
383,0.34219653786136617,0.11709847052430541,46.77927933717675,0.34219653786136617,0.13428345936907995
384,0.3639137441123591,0.13243321315387557,46.77852007800204,0.3639137441123591,0.13261558556232714
385,0.36059947147054766,0.13003197882483833,46.77838662007932,0.36059947147054766,0.13423629781803542
386,0.3677988237146785,0.13527597472590114,46.778800528952125,0.3677988237146785,0.13421502871878074
387,0.34286143186877216,0.11755396146310469,46.77920211955629,0.34286143186877216,0.13584691332837973
388,0.3414714268309921,0.11660273534199357,46.77936714562921,0.3414714268309921,0.13254848052768106
389,0.353411701113564,0.12489983048398311,46.77841698723658,0.353411701113564,0.1325278001750423
390,0.34518175536900864,0.11915044423963012,46.77895769189627,0.34518175536900864,0.13250722850190916
391,0.3430681259877111,0.11769573906872001,46.779178761677656,0.3430681259877111,0.12931430394859855
392,0.3687903148872103,0.13600629635460773,46.7788940913443,0.3687903148872103,0.12929443453596995
393,0.3661181957793786,0.1340425332807474,46.77866249954684,0.3661181957793786,0.1292746687252105
394,0.3684276694259838,0.135738947598662,46.77885881849909,0.3684276694259838,0.1277098173556004
395,0.36160215040811156,0.13075611517977054,46.7784169182252,0.36160215040811156,0.12466332206680382
396,0.3540531443274107,0.1253536290081263,46.778397044744324,0.3540531443274107,0.12316192252611677
397,0.3413016883902149,0.11648684249801136,46.7793882395724,0.3413016883902149,0.12462213814771977
398,0.3701166903939652,0.1369863645081823,46.77903350704969,0.3701166903939652,0.12609599726878418
399,0.35962265965025514,0.12932845733392326,46.778365396874555,0.35962265965025514,0.1245887775895955
400,0.3591429355704937,0.12898364817019178,46.778357947440064,0.3591429355704937,0.12755722454185286
401,0.3383417655219421,0.11447515029650486,46.77978852336386,0.3383417655219421,0.12753849147037813
402,0.36303383167621545,0.13179356294151473,46.77847529064981,0.36303383167621545,0.12751985383822706
403,0.35108750929023824,0.12326243917962312,46.77851666514961,0.35108750929023824,0.12601076484703935
404,0.3448314081412188,0.11890870004065583,46.778992080072335,0.3448314081412188,0.12898334812282541
405,0.3729133436858298,0.1390643618989458,46.77938176048956,0.3729133436858298,0.13201853701775818
406,0.3528357145791171,0.12449304148255619,46.77843770016514,0.3528357145791171,0.12895369604383888
407,0.3476822783027938,0.12088296664582136,46.778738696508825,0.3476822783027938,0.12744265756406276
408,0.3476822783027938,0.12088296664582136,46.778738696508825,0.3476822783027938,0.12306060775533427
409,0.35428890424130416,0.125520627668504,46.77839054632837,0.35428890424130416,0.12447730265381794
410,0.34601085432186324,0.11972351130854567,46.77887991860878,0.34601085432186324,0.12590685136342328
411,0.36726982686772636,0.13488712572744968,46.778754306128704,0.36726982686772636,0.12444589301597864
412,0.3749922616745771,0.14061919631581452,46.7796892740825,0.3749922616745771,0.1230053965414223
413,0.3596326919714352,0.12933567313462122,46.77836557350721,0.3596326919714352,0.1258438131952601
414,0.38490205295903007,0.14814959037207598,46.78175110360916,0.38490205295903007,0.12439418207515773
415,0.35082769080468246,0.12308006863534587,46.77853045038319,0.35082769080468246,0.12437712057874646
416,0.3516613572306647,0.12366571016931319,46.778488090344965,0.3516613572306647,0.12155838222123619
417,0.34591295371804504,0.11965577154994236,46.77888883714242,0.34591295371804504,0.12154186858910472
418,0.34591295371804504,0.11965577154994236,46.77888883714242,0.34591295371804504,0.11746092935956608
419,0.35280899017832573,0.12447418355064994,46.77843872537436,0.35280899017832573,0.1187812457368135
420,0.3676009758715746,0.13513047746173396,46.77878294138536,0.3676009758715746,0.11876533817415336
421,0.35808737051937456,0.12822656492547985,46.778348397459325,0.35808737051937456,0.12282896170128627
422,0.36601083143914626,0.13396392873077514,46.77865455324173,0.36601083143914626,0.12419991049973024
423,0.3560999919159864,0.12680720424256559,46.77835565988264,0.3560999919159864,0.12279969695464157
424,0.34688573461410815,0.12032971287876947,46.778803387741924,0.34688573461410815,0.12416392490102325
425,0.3600116439990616,0.12960838381490708,46.778372872577954,0.3600116439990616,0.12694813011922187
426,0.38270516295285856,0.14646324175077402,46.78120653345907,0.38270516295285856,0.12693160253026076
427,0.351145382803588,0.12330307986427834,46.77851366636465,0.351145382803588,0.12691515410665158
428,0.3456130666952575,0.1194483918705005,46.77891659844565,0.3456130666952575,0.1283120684361383
429,0.35493619657311537,0.1259797036377892,46.77837501384394,0.35493619657311537,0.1268857534979665
430,0.3438448282440608,0.11822926591018769,46.779093746004804,0.3438448282440608,0.1282759187600681
431,0.34786425021401046,0.12100953657695568,46.778724588870055,0.34786425021401046,0.12685663114626966
432,0.35926277759644376,0.1290697433663118,46.778359625659384,0.35926277759644376,0.1240871384660261
433,0.34855253548949205,0.12148886999615362,46.778673499139344,0.34855253548949205,0.1227205467723266
434,0.35323930895840305,0.12477800939341013,46.77842290897328,0.35323930895840305,0.12405281875009222
435,0.3553335112132791,0.12626190419115754,46.778367163666935,0.3553335112132791,0.12403732701403182
436,0.3692703518433261,0.13636059275049384,46.77894265628694,0.3692703518433261,0.12402190791710128
437,0.3552863501737825,0.12622839061980762,46.77836802826437,0.3552863501737825,0.12400656094971572
438,0.3620041501014356,0.13104700469066272,46.77843150585612,0.3620041501014356,0.1239912856070445
439,0.36390397833032495,0.13242610544463762,46.77851954342465,0.36390397833032495,0.1266829029494837
440,0.369453234547027,0.13649569251726054,46.7789617217886,0.369453234547027,0.12666743894252258
441,0.3484164956575298,0.12139405444627348,46.778683311549244,0.3484164956575298,0.123957972443955
442,0.35993324867311993,0.12955194350038599,46.77837126225065,0.35993324867311993,0.12527957782092583
443,0.3755663143403369,0.14105005646718474,46.779781616540426,0.3755663143403369,0.1239310386682225
444,0.3614895746989204,0.13067471261600636,46.77841308416659,0.3614895746989204,0.12391618092473741
445,0.3428326432618737,0.11753422128592314,46.77920539725515,0.3428326432618737,0.12128916470604989
446,0.37028840830403903,0.13711350532433872,46.779052758031014,0.37028840830403903,0.12388077654779768
447,0.3505415590434348,0.12287938461660189,46.77854624070808,0.3505415590434348,0.12652183894332075
448,0.36543146779557334,0.13354015765522714,46.778613466084884,0.36543146779557334,0.12650693926224343
449,0.3521566714538578,0.12401432124946035,46.778465507474486,0.3521566714538578,0.12516340877233342
450,0.36600095138783967,0.13395669641680377,46.77865382722382,0.36600095138783967,0.12383710453188229
451,0.36583523796575446,0.13383542133746018,46.77864178131881,0.36583523796575446,0.1264538070954609
452,0.34120616960357436,0.11642165017554315,46.77940019963431,0.34120616960357436,0.12911988633965055
453,0.35891064718418264,0.12881685266216883,46.778355040384994,0.35891064718418264,0.12776072953715265
454,0.36154638637399855,0.13071578950009666,46.77841500532615,0.36154638637399855,0.12774607758727657
455,0.36659144107756686,0.13438928467132719,46.778698768363896,0.36659144107756686,0.12509683671950855
456,0.3573951140568125,0.12773126755168202,46.778347205891706,0.3573951140568125,0.12378870191671651
457,0.35110930617373376,0.12327774488180071,46.778515532643574,0.35110930617373376,0.1250656239569012
458,0.3660462428830522,0.13398985192879845,46.778657162627375,0.3660462428830522,0.12505152963166016
459,0.3688790513137103,0.1360717544981029,46.77890290765668,0.3688790513137103,0.12503749801411043
460,0.3465526765756361,0.12009875764173744,46.778831848887975,0.3465526765756361,0.12374136758856033
461,0.3469500637606631,0.1203743467435282,46.778797986253224,0.3469500637606631,0.12372760276354867
462,0.3535493109801108,0.12499711529451107,46.77841243090188,0.3535493109801108,0.12371389877448395
463,0.3563964378150634,0.12701842088726636,46.778352502711584,0.3563964378150634,0.13154014695625998
464,0.3575050374160236,0.1278098517778324,46.778347128205624,0.3575050374160236,0.1342417011526079
465,0.3630458689807392,0.13180230298398005,46.77847585736673,0.3630458689807392,0.1315170783297767
466,0.35158841434453636,0.12361441310130539,46.778491579211405,0.35158841434453636,0.13017135584155082
467,0.37457272561188915,0.1403047267723196,46.77962383067113,0.37457272561188915,0.13148565039360444
468,0.35051855419674793,0.12286325683617852,46.77854753791363,0.35051855419674793,0.1301460061339326
469,0.36144403785980744,0.13064179250440192,46.77841156443891,0.36144403785980744,0.1314544966869398
470,0.3560060601475863,0.1267403148618068,46.77835681095112,0.3560060601475863,0.1288145727415456
471,0.3370560711091113,0.11360679507151028,46.77998121635915,0.3370560711091113,0.13010423191187448
472,0.3483688484683682,0.12136085458317687,46.77868678160681,0.3483688484683682,0.1314040703095082
473,0.3410238408865101,0.11629726005298777,46.7794232082453,0.3410238408865101,0.13007942683130289
474,0.35854046727825056,0.12855126667610625,46.77835134835409,0.35854046727825056,0.1300657371060805
475,0.349717951647651,0.12230264570462877,46.77859523877363,0.349717951647651,0.13005210619626256
476,0.33425899411302834,0.11172907514545352,46.78043882948266,0.33425899411302834,0.12874936416165286
477,0.3599818722882115,0.12958694837612622,46.77837225486239,0.3599818722882115,0.12873598372992032
478,0.33926740612234246,0.11510237285698245,46.779656800727565,0.33926740612234246,0.12872266041688266
479,0.3591943278235397,0.12902056514060453,46.77835865223034,0.3591943278235397,0.12999008434378978
480,0.3494735628467632,0.12213177112881053,46.77861078626236,0.3494735628467632,0.12997674273210522
481,0.3729989855867291,0.13912824324872897,46.77939360237373,0.3729989855867291,0.12868830604610126
482,0.3569272238283071,0.12739704310978245,46.778348659579294,0.3569272238283071,0.1312325371065042
483,0.35619241840474564,0.12687303892902138,46.77835459799607,0.35619241840474564,0.13514221628872258
484,0.35619241840474564,0.12687303892902138,46.77835459799607,0.35619241840474564,0.1312139413916067
485,0.35560924091310564,0.1264579322227952,46.77836247192055,0.35560924091310564,0.1299239807990967
486,0.35909696205067154,0.12895062815402145,46.778357335893844,0.35909696205067154,0.13118498378261212
487,0.34945382880113307,0.12211797846377162,46.77861206176216,0.34945382880113307,0.13245563615382253
488,0.3525722595204232,0.12430719818333665,46.778448054722986,0.3525722595204232,0.1311614831253976
489,0.3697193246241922,0.13669237900056883,46.77899001841939,0.3697193246241922,0.1337174703795388
490,0.3782277718416631,0.14305624739230918,46.780252417046405,0.3782277718416631,0.13764386736688008
491,0.35195660445018995,0.12387345141610746,46.778474396307814,0.35195660445018995,0.13630724958648513
492,0.3469837048348761,0.12039769142093643,46.77879517388804,0.3469837048348761,0.13498630478910006
493,0.36213688296346963,0.1311431220024977,46.77843663065053,0.36213688296346963,0.1336808177413435
494,0.3586317265284824,0.1286167152728002,46.778352151347704,0.3586317265284824,0.13757413112266406
495,0.3605805892741384,0.1300183613612849,46.778386132497566,0.3605805892741384,0.14022257063255203
496,0.35728588838595576,0.12765320603974165,46.778347382630024,0.35728588838595576,0.13887465431044843
497,0.3664272542085536,0.13426893262681996,46.778685955525944,0.3664272542085536,0.13623594064709343
498,0.3534356604228412,0.12491676605852992,46.77841618303364,0.3534356604228412,0.1375266409207976
499,0.3505151725818699,0.12286088621009807,46.77854772894418,0.3505151725818699,0.13492392521534666
