,abs_amplitude,amplitude_squared,surface_energy,param_0,real_group_sampling_width
0,0.0059960630501235904,3.5952772101057416e-05,10.240643759042397,-0.0059960630501235904,0.1657419978861752
1,0.0005818145219057165,3.385081379003775e-07,10.240551515535891,-0.0005818145219057165,0.15797633547441575
2,0.0003983258492971497,1.586634822182956e-07,10.24055104972418,-0.0003983258492971497,0.15418542466795832
3,0.007946909018335148,6.315336294569651e-05,10.240714210236007,-0.007946909018335148,0.15409424779813377
4,0.007946909018335148,6.315336294569651e-05,10.240714210236007,-0.007946909018335148,0.1434346483283317
5,0.00161337172843229,2.6029683341045946e-06,10.240557380663766,0.00161337172843229,0.13999269003289852
6,0.02001960004672511,0.00040078438603083594,10.241588674190837,-0.02001960004672511,0.1334334836472232
7,0.02001960004672511,0.00040078438603083594,10.241588674190837,-0.02001960004672511,0.12420310995148938
8,0.012380566411352208,0.0001532784246659025,10.240947637842352,0.012380566411352208,0.1212226451223949
9,0.013624872268054342,0.00018563714432079628,10.241031447575182,0.013624872268054342,0.12115096064665468
10,0.018323006246512726,0.0003357325579097444,10.241420193043876,-0.018323006246512726,0.11547456315391784
11,0.018323006246512726,0.0003357325579097444,10.241420193043876,-0.018323006246512726,0.107486512919988
12,0.018323006246512726,0.0003357325579097444,10.241420193043876,-0.018323006246512726,0.10005104279371989
13,0.013158802265159319,0.000173154077053562,10.240999116222996,-0.013158802265159319,0.09765014788635906
14,0.0038332621291577995,1.4693898550835386e-05,10.240588697082664,0.0038332621291577995,0.09307485560911359
15,0.004732391878067048,2.239553288759496e-05,10.240608644868749,0.004732391878067048,0.09084136617616495
16,0.0294535146771367,0.000867509526836307,10.24279742863829,0.0294535146771367,0.08866147312018029
17,0.02674989772206178,0.000715557028140766,10.242403900336491,-0.02674989772206178,0.0865338903049544
18,0.021703738989509523,0.00047105228612475585,10.241770663114055,-0.021703738989509523,0.08648271887115165
19,0.00039621427520394534,1.5698575187538774e-07,10.24055104537873,0.00039621427520394534,0.08440741896907508
20,0.030601072639897496,0.0009364256467122831,10.242975905884904,-0.030601072639897496,0.08435750501470397
21,0.030601072639897496,0.0009364256467122831,10.242975905884904,-0.030601072639897496,0.07852200350457264
22,0.008564884553538047,7.335724741543463e-05,10.24074063885515,0.008564884553538047,0.07663773450481236
23,0.008564884553538047,7.335724741543463e-05,10.24074063885515,0.008564884553538047,0.0713362546263128
24,0.019339917345129763,0.00037403240291645107,10.241519387997435,-0.019339917345129763,0.07300376018122565
25,0.033343970935212894,0.0011118203977283222,10.243430131845827,0.033343970935212894,0.07650185672987245
26,0.010529763893340625,0.00011087592764949991,10.240837813982724,0.010529763893340625,0.07466606458720497
27,0.017840838450642164,0.0003182955166219119,10.241375031691517,-0.017840838450642164,0.07116766672429836
28,0.017840838450642164,0.0003182955166219119,10.241375031691517,-0.017840838450642164,0.06624458339496353
29,0.019454003021481883,0.00037845823355982624,10.241530850676767,0.019454003021481883,0.06779306966428957
30,0.0003723835922162279,1.386695397518619e-07,10.240550997938307,0.0003723835922162279,0.06616625967644238
31,0.01334555252177505,0.0001781037721114564,10.241011936022021,-0.01334555252177505,0.06612713255104591
32,0.009225208709742166,8.510447573830273e-05,10.240771064775052,-0.009225208709742166,0.06454029955713583
33,0.00561347355965626,3.1511085404959916e-05,10.240632254778072,0.00561347355965626,0.06299154531930397
34,0.014130067218134047,0.00019965879958898643,10.241067763832511,0.014130067218134047,0.06295429554721953
35,0.003839522169536252,1.4741930490360367e-05,10.240588821488899,0.003839522169536252,0.06291706780262327
36,0.003839522169536252,1.4741930490360367e-05,10.240588821488899,0.003839522169536252,0.058564726607714196
37,0.00673336398855303,4.533819060234277e-05,10.240668067878989,-0.00673336398855303,0.058530094615321146
38,0.0011606816043639237,1.347181786708812e-06,10.240554128079243,0.0011606816043639237,0.05712556546534519
39,0.016816622515227173,0.0002827987928196455,10.241283096048571,-0.016816622515227173,0.05575474038070686
40,0.002019568871934614,4.07865842848725e-06,10.240561202814831,-0.002019568871934614,0.054416810575045035
41,0.010780497769335687,0.00011621913215465173,10.240851653091745,-0.010780497769335687,0.05702428252975519
42,0.0022135249836455814,4.899692853223171e-06,10.240563329356936,0.0022135249836455814,0.05565588790138667
43,0.0018834117463781327,3.5472398063951276e-06,10.240559826399732,0.0018834117463781327,0.05832273230633804
44,0.0018834117463781327,3.5472398063951276e-06,10.240559826399732,0.0018834117463781327,0.054288208141721056
45,0.005808891848823352,3.374322451132638e-05,10.240638036167852,-0.005808891848823352,0.05298547027095312
46,0.007850624978162917,6.163231254775551e-05,10.240710270629178,0.007850624978162917,0.05050289325305619
47,0.010110879858967288,0.00010222989152247036,10.240815420389662,0.010110879858967288,0.049290990449921565
48,0.011260998529996145,0.00012681008789257534,10.240879084053168,-0.011260998529996145,0.04926184244044237
49,0.016767481821110305,0.00028114844662126455,10.24127882168205,-0.016767481821110305,0.04695373198532114
50,0.007113956004097274,5.0608370028231655e-05,10.240681717968835,0.007113956004097274,0.04805128903144805
51,0.013329283809599872,0.0001776698068768613,10.24101081204461,-0.013329283809599872,0.05035374643777442
52,0.00594871958255469,3.5387264671869645e-05,10.240642294340876,0.00594871958255469,0.051530779803704616
53,0.013527265755460677,0.0001829869188188591,10.241024583451425,0.013527265755460677,0.052735326664509016
54,0.006134006066253025,3.762603042082891e-05,10.240648092891114,-0.006134006066253025,0.050264469855291115
55,0.029035466901672857,0.00084305833819814,10.242734105186258,-0.029035466901672857,0.050234746183065525
56,0.025367908219723657,0.0006435307674443231,10.242217363244997,-0.025367908219723657,0.049029278024856016
57,0.015543799356790407,0.00024160969844415787,10.241176416769575,0.015543799356790407,0.05261069805692391
58,0.008441210418908371,7.125403333628723e-05,10.240735191418521,-0.008441210418908371,0.05645372849736032
59,0.017548620464201345,0.00030795408019658623,10.241348247669226,-0.017548620464201345,0.05777335070570327
60,0.02413216881931872,0.0005823615719240987,10.242058942951816,0.02413216881931872,0.057739186689954265
61,0.022960658849449256,0.0005271918548007924,10.24191605946012,-0.022960658849449256,0.05635363672057635
62,0.028808161359915613,0.000829910160938935,10.242700054082666,-0.028808161359915613,0.05632031224642145
63,0.01234501060431346,0.00015239928682061178,10.240945360852711,0.01234501060431346,0.054968810582094046
64,0.005837144981885981,3.407226153955669e-05,10.240638888395647,-0.005837144981885981,0.05898409302736792
65,0.00023787352534721667,5.658381406111294e-08,10.240550785329859,-0.00023787352534721667,0.05894921304449499
66,0.00023787352534721667,5.658381406111294e-08,10.240550785329859,-0.00023787352534721667,0.05487135154678659
67,0.009536065696782994,9.093654897336133e-05,10.24078617012429,0.009536065696782994,0.05230041359729983
68,0.0003467509880055661,1.2023624768283623e-07,10.24055095019464,-0.0003467509880055661,0.05104537623684461
69,0.031195783563281114,0.0009731769121270801,10.243071082759636,-0.031195783563281114,0.05101519077907963
70,0.012528056851333236,0.00015695220847023763,10.240957153034085,0.012528056851333236,0.04979099452565265
71,0.004260384277376326,1.8150874190915397e-05,10.240597650900389,-0.004260384277376326,0.04976155084097184
72,0.015237050811798481,0.00023216771744132876,10.2411519620665,-0.015237050811798481,0.04973212456768393
73,0.0005265527825245131,2.7725783278430715e-07,10.240551356892816,-0.0005265527825245131,0.05089462734286667
74,0.02377607150504461,0.0005653015762129942,10.24201475955028,0.02377607150504461,0.05208430395616823
75,0.021846413153518998,0.0004772657676742479,10.241786755514745,0.021846413153518998,0.05205350413308548
76,0.003112130367062489,9.685355421592503e-06,10.240575724585263,-0.003112130367062489,0.05202272252334206
77,0.014782927287354135,0.0002185349391831995,10.241116653157297,0.014782927287354135,0.050774348832416605
78,0.008308164164834495,6.902559178984006e-05,10.240729419634418,0.008308164164834495,0.050744323645510084
79,0.00033768538072149155,1.140314163530187e-07,10.240550934123643,-0.00033768538072149155,0.054451021858068535
80,0.016782643250778544,0.0002816571144829026,10.241280139122624,-0.016782643250778544,0.05842848161895241
81,0.002720024434916658,7.398532926543685e-06,10.240569801542875,0.002720024434916658,0.058393930194431655
82,0.0008548021636920686,7.30686739052642e-07,10.24055253130907,0.0008548021636920686,0.05975890517780416
83,0.006632255067556821,4.398680728113314e-05,10.240664567711278,0.006632255067556821,0.05972356701318848
84,0.00394124662737221,1.5533424977772823e-05,10.2405908715174,-0.00394124662737221,0.05968824974564037
85,0.05128619873944961,0.0026302741811423226,10.247362120325878,-0.05128619873944961,0.05825592869388434
86,0.008661920715139364,7.502887047536044e-05,10.240744968446943,-0.008661920715139364,0.059617677852324566
87,0.0027607212855507816,7.62158201649316e-06,10.240570379256885,0.0027607212855507816,0.061011258290637735
88,0.013468015645374719,0.0001813874454240582,10.241020440790212,-0.013468015645374719,0.06393471417188648
89,0.016815803264785763,0.00028277123943997953,10.241283024685831,-0.016815803264785763,0.06542920658099682
90,0.00817067738741685,6.675996896924504e-05,10.240723551547052,-0.00817067738741685,0.07020858495594849
91,0.01330105494384698,0.00017691806261923616,10.24100886501392,-0.01330105494384698,0.071849730906628
92,0.007025780300015914,4.93615888240917e-05,10.240678488729461,-0.007025780300015914,0.07894698194355095
93,0.01613260623982784,0.0002602609840893321,10.241224723455527,0.01613260623982784,0.07705251486347695
94,0.002010580589696208,4.042434307663152e-06,10.240561108991573,-0.002010580589696208,0.07520350874250648
95,0.00870222635950674,7.572874361209394e-05,10.24074678115495,-0.00870222635950674,0.07515903747979324
96,0.0028133871639301686,7.915147334167037e-06,10.240571139613232,0.0028133871639301686,0.07691590168798551
97,0.0015283051438223158,2.3357166126337493e-06,10.24055668846113,0.0015283051438223158,0.08060145500144333
98,0.011194909242518602,0.0001253259929482284,10.240875240195479,-0.011194909242518602,0.0786672860269348
99,0.0045853093533815715,2.1025061866208526e-05,10.240605095251865,-0.0045853093533815715,0.07677953072599931
100,0.0043277094975619265,1.87290694952877e-05,10.240599148467775,0.0043277094975619265,0.07493707532361367
101,0.006150094354947374,3.7823660574755554e-05,10.240648604766102,-0.006150094354947374,0.07489276161512581
102,0.002027648672285144,4.1113591382197076e-06,10.240561287512177,0.002027648672285144,0.07138374210766903
103,0.008318930974597204,6.920461256011278e-05,10.240729883307957,-0.008318930974597204,0.07480421279680138
104,0.016626671253738387,0.0002764461969798904,10.241266642936264,-0.016626671253738387,0.07838858102604263
105,0.011618819114478412,0.0001349969576149689,10.240900288317857,0.011618819114478412,0.08022093674737098
106,0.011370186154618843,0.00012928113319068602,10.240885484145037,0.011370186154618843,0.07646227134523782
107,0.008435416332516562,7.115624870288718e-05,10.240734938151071,0.008435416332516562,0.08012608820659525
108,0.006908377998031973,4.772568656369225e-05,10.240674251642005,-0.006908377998031973,0.08199905866008822
109,0.005413632408386703,2.930741585313481e-05,10.240626547124663,-0.005413632408386703,0.08592817989136567
110,0.021145544399111198,0.00044713404793478295,10.241708716744421,-0.021145544399111198,0.08386618709509551
111,0.003212885600673105,1.0322633883012578e-05,10.240577375184127,-0.003212885600673105,0.08185367532236439
112,0.0012893565603170482,1.6624403396326098e-06,10.240554944623387,-0.0012893565603170482,0.08180527151301861
113,0.014241665783693278,0.00020282504429441987,10.241075964435446,-0.014241665783693278,0.08572510711094437
114,0.004662617795597549,2.1740004707822946e-05,10.240606947004474,-0.004662617795597549,0.08366798739136312
115,0.015721362710325933,0.00024716124546962675,10.241190795245913,0.015721362710325933,0.0797478141519957
116,0.008650885030318349,7.48378118077861e-05,10.240744473594974,-0.008650885030318349,0.07783412974127507
117,0.0013766899923612769,1.8952753350676926e-06,10.240555547684096,-0.0013766899923612769,0.07965352500368784
118,0.007104680246040699,5.047648139848092e-05,10.240681376369265,-0.007104680246040699,0.08151544915582921
119,0.0040368225058685404,1.6295935943886764e-05,10.240592846476257,-0.0040368225058685404,0.08146724535503301
120,0.0040368225058685404,1.6295935943886764e-05,10.240592846476257,-0.0040368225058685404,0.0758316799929153
121,0.020836489094111708,0.0004341592777690361,10.241675113022172,-0.020836489094111708,0.07401196988067814
122,0.009902776726009699,9.806498688519936e-05,10.240804633104334,-0.009902776726009699,0.072235926806978
123,0.008106237298036919,6.571108313208488e-05,10.24072083487461,0.008106237298036919,0.07751251267002796
124,0.035623885916374,0.0012690612477828298,10.243837335550698,-0.035623885916374,0.0793243900405123
125,0.0175747894116964,0.0003088732228654759,10.241350628223715,0.0175747894116964,0.07742086641137401
126,0.00941015203898711,8.855096139685327e-05,10.240779991339526,0.00941015203898711,0.08113061594913167
127,0.014278389339823196,0.0002038724021395767,10.241078677101154,-0.014278389339823196,0.0830270675287297
128,0.00855345922779023,7.316166476146984e-05,10.240740132285712,-0.00855345922779023,0.08297796983908567
129,0.010452034503967984,0.00010924502527213726,10.240833589879713,-0.010452034503967984,0.08292890118314354
130,0.010700485268982929,0.00011450038499172066,10.240847201470318,-0.010700485268982929,0.08690257736491408
131,0.004817936205933893,2.321250928444868e-05,10.240610760895095,0.004817936205933893,0.08481720224431566
132,0.004817936205933893,2.321250928444868e-05,10.240610760895095,0.004817936205933893,0.07894990079087001
133,0.0021668202357025485,4.695109933850048e-06,10.240562799471512,0.0021668202357025485,0.08273291655316733
134,0.008420897925982856,7.091152187982237e-05,10.24073430429544,-0.008420897925982856,0.07885655504862342
135,0.00581032313965032,3.375985498715595e-05,10.24063807924189,-0.00581032313965032,0.08069984979788784
136,0.013522143980819655,0.00018284837783801722,10.241024224628145,0.013522143980819655,0.0806521282981694
137,0.013145330673750392,0.00017279971852224294,10.240998198427718,-0.013145330673750392,0.0787167433317366
138,0.014456776776739448,0.00020899839477247302,10.24109195346019,0.014456776776739448,0.07502855528849124
139,0.03143538315149962,0.0009881833138815864,10.24310994557833,0.03143538315149962,0.07678236943777654
140,0.004779765763065043,2.284616074976875e-05,10.240609812026642,0.004779765763065043,0.07673696452276513
141,0.018182501484850355,0.00033060336024658534,10.241406908604569,0.018182501484850355,0.07853071323131677
142,0.016171586395197245,0.00026152020653732864,10.241227984827695,0.016171586395197245,0.07848427444092568
143,0.005909369174089397,3.4920644035678e-05,10.240641085762583,0.005909369174089397,0.07843786311190815
144,0.013582232036184506,0.00018447702708475672,10.241028442854455,-0.013582232036184506,0.08219634373747951
145,0.015295549603978555,0.00023395383768776853,10.24115658811502,-0.015295549603978555,0.08022390269566179
146,0.030253643607047447,0.0009152829515022429,10.242921151226035,-0.030253643607047447,0.08017646264515993
147,0.0022567381276880592,5.092866976961007e-06,10.240563829692693,0.0022567381276880592,0.08205061061570326
148,0.017620702237592628,0.00031048914734590187,10.241354813423431,0.017620702237592628,0.08396856733634123
149,0.00253584247237636,6.430497044707851e-06,10.240567294256532,0.00253584247237636,0.08003431074809293
150,0.04136121668197661,0.0017107502454134205,10.244981127205275,-0.04136121668197661,0.07998698281195182
151,5.7215239341960205e-05,3.273583612957791e-09,10.240550647252194,5.7215239341960205e-05,0.0818567016366692
152,0.008996963891470124,8.094535926441723e-05,10.240760292456887,-0.008996963891470124,0.08377012567891827
153,0.004962070047148163,2.462213915280497e-05,10.240614411935088,-0.004962070047148163,0.08175991906321955
154,0.027759054344101496,0.0007705650980787801,10.242546361737986,0.027759054344101496,0.08567758152310802
155,0.008315307754568475,6.914434305318661e-05,10.240729727206654,-0.008315307754568475,0.08978296529345611
156,0.022064298653388083,0.00048683327506590315,10.241811534538213,-0.022064298653388083,0.08972987253351042
157,0.009293368084016922,8.636669034502434e-05,10.240774333972379,0.009293368084016922,0.08967681116973379
158,0.01959962786842229,0.0003841454125806357,10.241545580175409,0.01959962786842229,0.09622739361503173
159,0.012048479730254965,0.00014516586381036476,10.240926626090944,-0.012048479730254965,0.09847673673275499
160,0.012048479730254965,0.00014516586381036476,10.240926626090944,-0.012048479730254965,0.0916645254681303
161,0.017609581276809564,0.000310097352744562,10.241353798686331,0.017609581276809564,0.09380721022509227
162,0.01368623457934771,0.000187313016960933,10.24103578810919,0.01368623457934771,0.09375173774568178
163,0.0032431078987268346,1.0517748842784385e-05,10.24057788054643,-0.0032431078987268346,0.09369629806967694
164,0.01935248904111834,0.0003745188320866054,10.241520647824906,-0.01935248904111834,0.09588647609800767
165,0.005774604980602021,3.3346062681993665e-05,10.24063700749224,-0.005774604980602021,0.09812785017030819
166,0.038359902546140565,0.0014714821233494013,10.244361529477514,0.038359902546140565,0.10529575193148713
167,0.017822874216236566,0.0003176548453277902,10.241373372372381,-0.017822874216236566,0.10523348575368462
168,0.009694464924540689,9.39826501731497e-05,10.240794059667772,0.009694464924540689,0.10769334887624873
169,0.007407603805857458,5.487259414455389e-05,10.240692762565379,-0.007407603805857458,0.1026474932570886
170,0.00013950688543597559,1.9462171084046418e-08,10.240550689181903,0.00013950688543597559,0.10018429210562828
171,0.0054055546119477415,2.9220020662749497e-05,10.240626320765164,0.0054055546119477415,0.09778019965443945
172,0.0018143112939881662,3.2917254714930138e-06,10.240559164597922,0.0018143112939881662,0.09772237776527899
173,0.0051817134213568965,2.6850153981070196e-05,10.240620182647996,-0.0051817134213568965,0.09766459006883726
174,0.00013539720919301945,1.833240425725827e-08,10.240550686255718,-0.00013539720919301945,0.09994752806875298
175,0.00607227131787349,3.6872478957869055e-05,10.240646141143555,-0.00607227131787349,0.0975491171732432
176,0.005976240331846635,3.571544850399038e-05,10.24064314435865,-0.005976240331846635,0.09297855858100988
177,0.008187220188324311,6.703057441210518e-05,10.240724252430084,0.008187220188324311,0.097433780806043
178,0.0006675929571757465,4.4568035647065806e-07,10.240551793120305,-0.0006675929571757465,0.10210248241145534
179,0.017764526510484265,0.00031557840214169826,10.24136799444683,0.017764526510484265,0.1069948926166989
180,0.010039690688846798,0.00010079538912771708,10.240811704966337,-0.010039690688846798,0.10442736822490739
181,0.004828439018776238,2.331382335804084e-05,10.240611023305657,0.004828439018776238,0.10192145594693948
182,0.0019232254682005176,3.6987962015351e-06,10.240560218942463,0.0019232254682005176,0.09714603614089547
183,0.005415947400237002,2.9332486242133945e-05,10.240626612058676,0.005415947400237002,0.09259436347535374
184,0.023131369711862047,0.0005350602647468489,10.24193643783756,-0.023131369711862047,0.09475878346428625
185,0.013465519347081817,0.00018132021128663473,10.241020266652722,0.013465519347081817,0.09470274827624393
186,0.013575943292294487,0.00018430623627559568,10.241028000503704,-0.013575943292294487,0.09243019479053674
187,0.0017564165451409923,3.084999080045019e-06,10.240558629160626,-0.0017564165451409923,0.09021217509016738
188,0.00829951359781797,6.888192596036538e-05,10.24072904753209,0.00829951359781797,0.09680186402747026
189,0.040657640915492,0.0016530437648130888,10.244831694799768,-0.040657640915492,0.09674462067276139
190,0.0056650950955802,3.2093302441966835e-05,10.240633762759355,-0.0056650950955802,0.09442306898672173
191,0.0059681570060610475,3.5618898048995564e-05,10.240642894286607,0.0059681570060610475,0.09215722688115768
192,0.010408746061567378,0.0001083419945741944,10.240831250993354,-0.010408746061567378,0.08783929948864197
193,0.012643481190255094,0.0001598576166083344,10.240964678110394,-0.012643481190255094,0.08778735610688457
194,0.0064219451525434155,4.124137954227587e-05,10.240657456879,0.0064219451525434155,0.08773544344161656
195,0.008860091607471416,7.850122329278541e-05,10.2407539620206,0.008860091607471416,0.0897862847714286
196,0.005250801500605582,2.7570916398761835e-05,10.240622049472274,-0.005250801500605582,0.08973319004852424
197,0.013465116245250321,0.0001813093554981041,10.241020238536056,0.013465116245250321,0.0896801267229498
198,0.0018375224370311997,3.3764887065930794e-06,10.240559384141234,0.0018375224370311997,0.09397729910137251
199,0.011479658317465584,0.00013178255508575676,10.240891962911205,-0.011479658317465584,0.09392172604065628
200,0.002310546120246162,5.338623373784592e-06,10.24056446622054,-0.002310546120246162,0.09167920938061483
201,0.0072952856334714605,5.322119247393509e-05,10.240688485336621,-0.0072952856334714605,0.09162605995485475
202,0.006226996851698953,3.877548979106867e-05,10.24065107006566,-0.006226996851698953,0.09373678463072278
203,0.004780356267562433,2.2851806044823432e-05,10.240609826648353,-0.004780356267562433,0.09588574410044234
204,0.006492047201844881,4.214667687098195e-05,10.240659801656887,0.006492047201844881,0.10036756017614915
205,0.013963042454293717,0.00019496655458040873,10.241055610868454,0.013963042454293717,0.10031160428053486
206,0.0024202776289049474,5.857743800977754e-06,10.240565810782048,0.0024202776289049474,0.10495472953131138
207,0.02652362485571619,0.0007035026754867658,10.242372681511164,0.02652362485571619,0.1002233566305511
208,0.008547949365107799,7.306743834844683e-05,10.240739888234305,-0.008547949365107799,0.10722238063521458
209,0.021151079211564783,0.0004473681518138879,10.241709323056124,0.021151079211564783,0.11729188890742974
210,0.006906677929640502,4.770220002378321e-05,10.240674190810413,0.006906677929640502,0.11722955024470026
211,0.006978596552627414,4.8700809844343236e-05,10.240676777271378,0.006978596552627414,0.11457676712920614
212,0.010760671974091186,0.0001157920613339915,10.240850546961948,0.010760671974091186,0.10953102160585171
213,0.002387868977311882,5.701918252808493e-06,10.240565407182,0.002387868977311882,0.10707577254564611
214,0.01442732628528047,0.00020814774374194476,10.241089750268316,-0.01442732628528047,0.11184655372432209
215,0.0003350564440992177,1.1226282073241221e-07,10.24055092954284,0.0003350564440992177,0.10936277319529204
216,0.010866445430492557,0.00011807963629387258,10.240856471868067,-0.010866445430492557,0.11671272353234112
217,0.020165808449257937,0.0004066598304121628,10.241603891242569,-0.020165808449257937,0.11414481987333974
218,0.01291183598809617,0.00016671550858349542,10.240982440202593,0.01291183598809617,0.1165855042443033
219,0.03821992509727655,0.0014607626744414298,10.244333770463497,-0.03821992509727655,0.11404387609482727
220,0.006098326251117753,3.7189583065071904e-05,10.240646962463952,0.006098326251117753,0.12156691610245836
221,0.00909980576179811,8.280646490245408e-05,10.240765112813627,-0.00909980576179811,0.12413177226796142
222,0.006306055216202585,3.976633238979583e-05,10.240653636412084,0.006306055216202585,0.12407268731154317
223,0.000977627524581998,9.557555768203252e-07,10.2405531142549,-0.000977627524581998,0.1293774752318592
224,0.03005858269100688,0.0009035183933920985,10.242890683695837,-0.03005858269100688,0.1348843563343645
225,0.021218624799264226,0.00045023003837195083,10.241716735128785,-0.021218624799264226,0.12928105606144594
226,0.002050480427128236,4.204469982035993e-06,10.240561528676414,0.002050480427128236,0.1292216633678233
227,0.008944609031804907,8.000603073184591e-05,10.24075785954853,0.008944609031804907,0.12650405078457388
228,0.012717931757608205,0.00016174578819117935,10.240969568518244,-0.012717931757608205,0.12131674637341708
229,0.013986399708865688,0.0001956193768161582,10.241057301685379,-0.013986399708865688,0.121262452795477
230,0.019811585922730895,0.000392498936773749,10.241567215349944,-0.019811585922730895,0.11874556116305468
231,0.019265584815506553,0.00037116275828347667,10.241511955758266,-0.019265584815506553,0.11869332796025804
232,0.022431472229873205,0.0005031709463995728,10.241853847634587,0.022431472229873205,0.11390868824156677
233,0.012378044032995366,0.00015321597408277218,10.240947476093744,-0.012378044032995366,0.11385943306777156
234,0.02717048390160579,0.0007382351954474194,10.242462632994565,-0.02717048390160579,0.11849851683945387
235,0.0015525691902568304,2.41047109053475e-06,10.240556882081014,0.0015525691902568304,0.11844813932537442
236,0.012854344402544312,0.0001652341700192223,10.240978603504242,0.012854344402544312,0.12079153953662324
237,0.008864614111681107,7.858138334901582e-05,10.24075416963925,0.008864614111681107,0.12817991657713879
238,0.005235899138308646,2.7414639786541225e-05,10.240621644705106,0.005235899138308646,0.12314081230255523
239,0.012419032112786627,0.00015423235861842548,10.24095010855554,-0.012419032112786627,0.12554707685909838
240,0.00911919815680653,8.31597750231036e-05,10.240766027904385,-0.00911919815680653,0.12065188261329705
241,0.013763511302433676,0.00018943424337221956,10.241041282114434,-0.013763511302433676,0.12060309468674993
242,0.0214090918233725,0.00045834921270159525,10.241737763169542,-0.0214090918233725,0.11822426536244604
243,0.013743023824053804,0.00018887070382851045,10.241039822539504,0.013743023824053804,0.12049716751780327
244,0.009052720973120609,8.195175701717773e-05,10.24076289907758,0.009052720973120609,0.12520532541182441
245,0.025070771309056807,0.0006285435740310259,10.24217854847055,0.025070771309056807,0.12276602075325489
246,0.0016848109327365218,2.838587879068509e-06,10.240557990936594,0.0016848109327365218,0.12271836208449509
247,0.01609692338245881,0.0002591109423807492,10.241221744859795,-0.01609692338245881,0.12034690755814928
248,0.00658296043129861,4.333536804004318e-05,10.240662880442489,-0.00658296043129861,0.1226148579832588
249,0.016316438879185977,0.0002662261776982117,10.241240173236006,0.016316438879185977,0.12730947930555586
250,0.007374584803407582,5.4384501022650044e-05,10.240691498375197,-0.007374584803407582,0.12968980875468833
251,0.00040955381118492305,1.677343242560956e-07,10.240551073218374,-0.00040955381118492305,0.1296414350812472
252,0.02241897999542236,0.0005026106640351481,10.241852396555238,-0.02241897999542236,0.12959345994751456
253,0.0025261737544033233,6.3815538374361815e-06,10.240567167489907,0.0025261737544033233,0.12714865642257922
254,0.014335547962995694,0.00020550793539935,10.241082913145432,-0.014335547962995694,0.12710233703442078
255,0.014079924395180646,0.00019824427097400306,10.24106410018927,0.014079924395180646,0.12943305743645828
256,0.011228793033623407,0.00012608579299194957,10.240877208104196,0.011228793033623407,0.12938663498516792
257,0.014852068526853297,0.00022058393952634626,10.241121960074256,-0.014852068526853297,0.13174111786737833
258,0.018199373285905145,0.0003312171879997178,10.241408498397062,-0.018199373285905145,0.13660906698068342
259,0.012974594182589911,0.00016834009420289595,10.240986647912997,-0.012974594182589911,0.139076131151105
260,0.005493284595623982,3.0176175648519733e-05,10.24062879727158,-0.005493284595623982,0.14157826362491188
261,0.01322929455119152,0.00017501423432218565,10.241003934064684,-0.01322929455119152,0.14411582903885686
262,0.0012629400054270982,1.5950174573081987e-06,10.240554769992887,-0.0012629400054270982,0.14935966948853202
263,0.014588291018334164,0.00021281823483560925,10.241101846868531,-0.014588291018334164,0.14664931496608327
264,0.0010535622381835797,1.1099933897263939e-06,10.240553513742844,-0.0010535622381835797,0.14659983772381782
265,0.005653259013643681,3.1959337475343525e-05,10.240633415781092,0.005653259013643681,0.14141442444786614
266,0.01336725306018003,0.00017868345437489238,10.241013437408938,-0.01336725306018003,0.1413674237018201
267,0.010998717120664964,0.0001209717783004086,10.240863962623258,0.010998717120664964,0.14132078768928097
268,0.026636184701570177,0.0007094863354561612,10.242388178229508,0.026636184701570177,0.14127451218353157
269,0.005732004482817226,3.2855875391036775e-05,10.240635737874404,0.005732004482817226,0.13876816457299992
270,0.004748410679745921,2.254740398352512e-05,10.240609038225589,-0.004748410679745921,0.13872339150818475
271,0.02645578046655848,0.0006999083200947372,10.242363372702249,0.02645578046655848,0.14111963219364648
272,0.017351386537771275,0.00030107061478315024,10.241330419672103,0.017351386537771275,0.14354845741543945
273,0.011516940961601448,0.00013263992911301327,10.240894183538048,-0.011516940961601448,0.13861746312392914
274,0.00027055458603581634,7.319978402501195e-08,10.240550828366523,-0.00027055458603581634,0.14344017401181006
275,0.015675230032836683,0.0002457128365823451,10.24118704387585,-0.015675230032836683,0.14588246676743774
276,0.02884219674327578,0.0008318723129778281,10.24270513566078,0.02884219674327578,0.14336013155811564
277,0.00268540674837197,7.2114094042017166e-06,10.240569316878787,-0.00268540674837197,0.14089037308237032
278,0.007583360135088797,5.750735093845397e-05,10.240699586740577,-0.007583360135088797,0.1432638019660392
279,0.013658982941578617,0.00018656781499833564,10.241033858025611,0.013658982941578617,0.14081342817203876
280,0.016107797433179517,0.0002594611381483446,10.241222651863136,0.016107797433179517,0.14808759291051796
281,0.0117888496078909,0.00013897697507746942,10.240910596687083,0.0117888496078909,0.15570997115118068
282,0.009605858950122415,9.22725261696469e-05,10.240789630367626,0.009605858950122415,0.15052936739427594
283,0.043055534476704335,0.0018537790490746756,10.24535149947759,-0.043055534476704335,0.14799118108702017
284,0.015713804805576964,0.0002469236614677737,10.241190179904866,0.015713804805576964,0.15552715831282127
285,0.012120801474817665,0.00014691382839194207,10.240931153368258,0.012120801474817665,0.15548209204686558
286,0.013309028958833166,0.00017713025182705984,10.241009414587674,0.013309028958833166,0.15288794441731465
287,0.008292453474024318,6.876478461885798e-05,10.24072874412963,-0.008292453474024318,0.14788854629035034
288,0.011934460707297763,0.0001424313523740342,10.240919543627507,0.011934460707297763,0.152783508887717
289,0.0013515698651513502,1.826741100385239e-06,10.24055537017511,-0.0013515698651513502,0.15526091716295434
290,0.01177593306126071,0.00013867259946329305,10.240909808344949,0.01177593306126071,0.1527062543134617
291,0.018328529530512526,0.0003359349947508697,10.241420717347905,-0.018328529530512526,0.15020227582486534
292,0.015195295001605527,0.00023089699018581794,10.241148670884321,-0.015195295001605527,0.15016080268971937
293,0.006662393084532896,4.438748161283176e-05,10.240665605483038,-0.006662393084532896,0.15011962194389558
294,0.03107318566490936,0.0009655428673659285,10.243051312469257,0.03107318566490936,0.152513097588119
295,0.014789436695380923,0.00021872743776667978,10.24111715172926,-0.014789436695380923,0.15004625577361433
296,0.011950282725897411,0.00014280925722888206,10.240920522412125,0.011950282725897411,0.14762752784013988
297,0.0215576371841667,0.00046473172096416675,10.241754293362415,0.0215576371841667,0.14995787045057676
298,0.0012518059222802486,1.567018067055904e-06,10.240554697472291,-0.0012518059222802486,0.14755681936192824
299,0.007096650454643623,5.036244767539354e-05,10.240681081014984,0.007096650454643623,0.14292266003375248
300,0.0019212306783668344,3.6911273194978866e-06,10.240560199079466,-0.0019212306783668344,0.14515652694083675
301,0.01100970616676344,0.0001212136298784689,10.240864589027698,0.01100970616676344,0.14975340679503166
302,0.0007289791634864425,5.314106207973935e-07,10.24055201516838,-0.0007289791634864425,0.15207877741168524
303,0.02069040463110605,0.0004280928437988946,10.241659401374747,0.02069040463110605,0.14968401890687372
304,0.016578558693844378,0.000274848608365243,10.241262505207487,-0.016578558693844378,0.15199325649843262
305,0.002245253485071758,5.0411632122268745e-06,10.240563695775988,-0.002245253485071758,0.15433054974582475
306,0.016987431663756408,0.0002885728345307938,10.241298050703907,0.016987431663756408,0.1519241997512344
307,0.0015887405250375568,2.5240964558966115e-06,10.240557176379502,0.0015887405250375568,0.14727550224530794
308,0.008042932582307899,6.468876452355e-05,10.240718187012398,0.008042932582307899,0.14723893090056764
309,0.004756019622089656,2.2619722645701835e-05,10.240609225536017,0.004756019622089656,0.14720260363998233
310,0.0043813685782671825,1.9196390618626993e-05,10.24060035886298,-0.0043813685782671825,0.1449370600980985
311,0.0052426323293921105,2.7485193741187348e-05,10.240621827444699,-0.0052426323293921105,0.14055842657164364
312,0.018457891385589585,0.0003406937544022222,10.241433042357665,-0.018457891385589585,0.13632550002236893
313,0.005713618865037467,3.264544053491203e-05,10.240635192834043,-0.005713618865037467,0.13223298784020515
314,0.006266913885707399,3.927420965087221e-05,10.2406523617824,-0.006266913885707399,0.1342090023406909
315,0.0006560242881439591,4.3036786663478825e-07,10.240551753459762,0.0006560242881439591,0.13020526559211099
316,0.0024369148725177196,5.938554095898053e-06,10.240566020086867,0.0024369148725177196,0.13017454112492938
317,0.005133124414956404,2.634896625942152e-05,10.24061888453719,0.005133124414956404,0.1282153854450692
318,0.011094199560341885,0.00012308126388469007,10.240869426267446,-0.011094199560341885,0.12442605599072817
319,0.017402219106465628,0.00030283722982943736,10.241334995160846,0.017402219106465628,0.1281439376318528
320,0.01000966682899182,0.00010019343002741916,10.24081014586599,0.01000966682899182,0.12811444694265475
321,0.015340220273459507,0.00023532235803825805,10.241160132579758,-0.015340220273459507,0.13191867079933717
322,0.016046585588103464,0.0002574929090363298,10.241217554169966,0.016046585588103464,0.12996414603715156
323,0.004287495195402118,1.8382615050596243e-05,10.240598251125881,0.004287495195402118,0.13185292639710755
324,0.0010364440353859338,1.074216238487079e-06,10.240553421077236,-0.0010364440353859338,0.12802731459307903
325,4.462697922999318e-05,1.991567275194243e-09,10.240550643931673,4.462697922999318e-05,0.12799874580649007
326,0.01243006441021675,0.0001545065012421371,10.240950818591845,0.01243006441021675,0.12984209006372574
327,0.006704499975798335,4.495031992547988e-05,10.24066706326963,0.006704499975798335,0.13362682179619353
328,0.009127616118607622,8.331337600866567e-05,10.240766425738556,-0.009127616118607622,0.13553965078555621
329,0.021602958117895588,0.0004666877994435509,10.241759359448617,0.021602958117895588,0.1355101329723093
330,0.021602958117895588,0.0004666877994435509,10.241759359448617,0.021602958117895588,0.129773906690157
331,0.014187186423954537,0.00020127625862803993,10.241071953066738,-0.014187186423954537,0.1297459833489885
332,0.023264465651285506,0.0005412353620398431,10.24195243069382,-0.023264465651285506,0.1315811978194294
333,0.0064284265640223055,4.132466808902763e-05,10.240657672601667,0.0064284265640223055,0.13343686020536338
334,0.005149945391054327,2.652193753084171e-05,10.240619332544735,0.005149945391054327,0.1334086596382363
335,0.012836665727401214,0.00016477998699703696,10.240977427160418,0.012836665727401214,0.13527901873183865
336,0.012712030245101983,0.00016159571295238758,10.240969179819967,-0.012712030245101983,0.13911653635670462
337,0.01646307935007272,0.00027103298168679077,10.241252622792354,0.01646307935007272,0.13908765402917445
338,0.004959329703490685,2.4594951107925008e-05,10.240614341516157,0.004959329703490685,0.14300985043743306
339,0.008196361263907702,6.718033796848667e-05,10.240724640325949,0.008196361263907702,0.14099742131507118
340,0.0027503067067496238,7.564186981191961e-06,10.240570230599404,0.0027503067067496238,0.14294550310635412
341,0.0014218097308082212,2.0215429106209464e-06,10.240555874726908,-0.0014218097308082212,0.13900225223934515
342,0.0011830390134910124,1.399581307441788e-06,10.240554263798074,-0.0011830390134910124,0.13897422726997327
343,0.015693451734175894,0.00024628442733290836,10.241188524292447,-0.015693451734175894,0.13894637030565643
344,0.0021589822745221587,4.661204461700874e-06,10.240562711653743,0.0021589822745221587,0.14279619577292627
345,0.01456584835016764,0.00021216393816008138,10.241100152236628,-0.01456584835016764,0.14276790202562875
346,0.01476347771244653,0.0002179602741659054,10.241115164772943,0.01476347771244653,0.1427397763846548
347,0.0019580045920070295,3.833781982320614e-06,10.240560568566016,0.0019580045920070295,0.14467268321768223
348,0.017700339179977688,0.0003133020070862532,10.241362098650262,-0.017700339179977688,0.14464450743817295
349,0.02471980052695752,0.0006110685380925693,10.24213329043096,0.02471980052695752,0.14859475756484225
350,0.0045376259976725435,2.0590049694753745e-05,10.240603968539437,0.0045376259976725435,0.15058993239814633
351,0.009217576123477933,8.496370959211047e-05,10.240770700183843,-0.009217576123477933,0.1546791031418778
352,0.01082550238655794,0.00011719150192137164,10.240854171566488,-0.01082550238655794,0.15674432844348343
353,0.02319654033052814,0.0005380794833058186,10.241944257299501,-0.02319654033052814,0.1546262413830825
354,0.0026668108560693737,7.111880142049466e-06,10.240569059090458,-0.0026668108560693737,0.15254268761126688
355,0.004327242828077159,1.872503049314521e-05,10.24059913800647,-0.004327242828077159,0.15049300826445502
356,0.008568232195432197,7.341460295484084e-05,10.240740787409038,-0.008568232195432197,0.15248006167069839
357,0.0023270904418709426,5.415349924647099e-06,10.240564664948167,0.0023270904418709426,0.1565509238676618
358,0.009123572093618838,8.323956774746043e-05,10.240766234571499,-0.009123572093618838,0.15652210660853436
359,0.002236890137692249,5.00367748810485e-06,10.240563598685098,0.002236890137692249,0.15649345420609606
360,0.010502726205654504,0.00011030725775094186,10.240836341104826,-0.010502726205654504,0.15240164144727927
361,0.021928739582676632,0.0004808696196848489,10.241796089185929,0.021928739582676632,0.15438638576137897
362,0.002597424167945583,6.746612308227804e-06,10.240568113019073,-0.002597424167945583,0.15235210760797901
363,0.009880101540146943,9.7616406443614e-05,10.240803471261,0.009880101540146943,0.1484011168980203
364,0.016486509495784597,0.0002718049953545957,10.241254622296424,-0.016486509495784597,0.14837468894305794
365,0.0011827899403407216,1.3989920429712078e-06,10.240554262271832,-0.0011827899403407216,0.14834840962766968
366,0.008952872315319303,8.01539226944108e-05,10.240758242596206,0.008952872315319303,0.14641508626932395
367,0.025009363864847638,0.0006254682809243467,10.242170583874145,0.025009363864847638,0.14638943463302181
368,0.011342201413172538,0.00012864553289697312,10.24088383791873,-0.011342201413172538,0.14449202523206744
369,0.0013971608173042709,1.9520583494103382e-06,10.240555694756505,0.0013971608173042709,0.14446698296129398
370,0.004240999471670618,1.7986076518710463e-05,10.240597224062551,0.004240999471670618,0.14630320675443645
371,0.001004251855853653,1.0085217899855062e-06,10.2405532509235,0.001004251855853653,0.15006167306311005
372,0.003941719048530434,1.5537149057547667e-05,10.240590881163037,0.003941719048530434,0.15390632317930167
373,0.0038710129213017893,1.4984741036885413e-05,10.240589450385963,-0.0038710129213017893,0.15002082055394006
374,0.01402552730846072,0.0001967154162803774,10.24106014043958,0.01402552730846072,0.14810758428018436
375,0.011540226354032105,0.00013317682430229712,10.240895574114065,-0.011540226354032105,0.14438819341059414
376,0.02993282752044214,0.0008959741633685383,10.242871145831822,-0.02993282752044214,0.1499252228425088
377,0.004493737611566781,2.0193677721609916e-05,10.240602941907811,-0.004493737611566781,0.14990032526737918
378,0.007326078893544287,5.3671431954435086e-05,10.240689651483805,-0.007326078893544287,0.14987556279017386
379,0.01744236468492812,0.00030423608580202764,10.241338618162043,-0.01744236468492812,0.14985093431460486
380,0.018180428356610736,0.00033052797522985575,10.241406713359995,0.018180428356610736,0.14613672840827896
381,0.0027746692968412066,7.698789706833275e-06,10.240570579230637,-0.0027746692968412066,0.14430731757205312
382,0.0027746692968412066,7.698789706833275e-06,10.240570579230637,-0.0027746692968412066,0.1390141774620268
383,0.010457572189314156,0.00010936081609471688,10.240833889782651,0.010457572189314156,0.13899180642127407
384,0.002007759672068201,4.03109890078341e-06,10.240561079632002,0.002007759672068201,0.14420985101278413
385,0.027112606005075576,0.0007350934043864602,10.242454496291653,-0.027112606005075576,0.1459722582889669
386,0.01443085789177621,0.00020824965949263973,10.241090014230807,-0.01443085789177621,0.14775163838592836
387,0.011998238413160809,0.0001439577250190476,10.24092349697697,0.011998238413160809,0.14593072893122028
388,0.0016470356648702455,2.7127264813545715e-06,10.24055766494585,-0.0016470356648702455,0.1477005435385141
389,0.004121685447190238,1.698829092557979e-05,10.240594639725842,0.004121685447190238,0.14588963595937168
390,0.010530760600782866,0.00011089691883100071,10.240837868350724,0.010530760600782866,0.14410552430264098
391,0.008675338539190587,7.526149876956548e-05,10.240745570966403,-0.008675338539190587,0.14234774445933
392,0.0030950328079758956,9.579228082447156e-06,10.240575449707507,0.0030950328079758956,0.14232587243137138
393,0.00941573868116766,8.865613491203692e-05,10.240780263743948,0.00941573868116766,0.14403026818867057
394,0.026957867771478544,0.0007267266347845215,10.242432827769697,0.026957867771478544,0.1405858244859215
395,0.010618452666767541,0.0001127515370363827,10.240842671885638,-0.010618452666767541,0.13888836757531886
396,0.029557561025009726,0.000873649413747174,10.242813329627253,-0.029557561025009726,0.1388674542525713
397,0.015331609349735998,0.00023505824525291228,10.241159448528267,-0.015331609349735998,0.13719920403717323
398,0.00761404060501597,5.797361433483196e-05,10.240700794389971,0.00761404060501597,0.1404845431279918
399,0.011221788197558568,0.0001259285303508648,10.240876800788467,0.011221788197558568,0.14214188552387147
400,0.007055224743189659,4.9776196176915586e-05,10.240679562587856,-0.007055224743189659,0.1421209064734271
401,0.0072659788607381546,5.279444880469373e-05,10.240687380044928,-0.0072659788607381546,0.14549862377180045
402,0.01848701544329052,0.00034176974000046223,10.241435829119117,0.01848701544329052,0.14208758254550546
403,0.01873283662862817,0.0003509191681548732,10.241459525771457,-0.01873283662862817,0.14040609687758812
404,0.005236677494564802,2.742279118208149e-05,10.24062166581778,-0.005236677494564802,0.140385780678796
405,0.011002677118866001,0.00012105890378201745,10.240864188281446,0.011002677118866001,0.14368928743935086
406,0.00888999812113521,7.903206659378754e-05,10.240755336931883,0.00888999812113521,0.1403535072860065
407,0.02004429243384275,0.00040177365917340576,10.241591236350294,-0.02004429243384275,0.1419771300690795
408,0.0004989861160965836,2.489871440571532e-07,10.240551283669523,0.0004989861160965836,0.13869708791007018
409,0.0031896422531816947,1.0173817703281999e-05,10.240576989739106,0.0031896422531816947,0.14525656436997464
410,0.0005453700688596332,2.97428512007961e-07,10.240551409136453,-0.0005453700688596332,0.14523615454938127
411,0.005788939284428625,3.3511818038800996e-05,10.240637436809669,-0.005788939284428625,0.14521584638196627
412,0.034220410271710466,0.0011710364791641871,10.243583483565027,-0.034220410271710466,0.14519563911036873
413,0.002156648636336689,4.651133340612899e-06,10.240562685568765,0.002156648636336689,0.14351903344542502
414,0.010547084678303299,0.0001112409952113002,10.240838759522322,-0.010547084678303299,0.14515151946408444
415,0.025528549694698414,0.0006517068495146865,10.242238538144186,0.025528549694698414,0.1451316109596262
416,0.009489499426627475,9.005059936796317e-05,10.240783875473097,-0.009489499426627475,0.14677459173468174
417,0.012573093508142966,0.0001580826803645068,10.240960080983571,0.012573093508142966,0.14675465249585787
418,0.02062308585388324,0.00042531167013663905,10.241652198321791,-0.02062308585388324,0.14344452838522712
419,0.0008356629983512047,6.983326468133256e-07,10.240552447509451,0.0008356629983512047,0.14670716199085726
420,0.0008356629983512047,6.983326468133256e-07,10.240552447509451,0.0008356629983512047,0.14180430725866797
421,0.001899686583376403,3.6088091150603115e-06,10.24055998586898,-0.001899686583376403,0.13862840405821195
422,0.000724002971224956,5.241803023425645e-07,10.240551996441292,0.000724002971224956,0.14175906692692442
423,0.0009076140974686813,8.237633499238889e-07,10.24055277238475,-0.0009076140974686813,0.13859903845881624
424,0.014596682581449173,0.0002130631423835817,10.24110248118036,0.014596682581449173,0.13858082405192562
425,0.014631056458861483,0.00021406781310239232,10.24110508328255,0.014631056458861483,0.13702584396771852
426,0.006206530368900426,3.8521019220083254e-05,10.240650410970366,0.006206530368900426,0.13854104680094767
427,0.005912301600308815,3.495531021301417e-05,10.240641175550275,0.005912301600308815,0.1369938039045627
428,0.007146470966804483,5.10720472793794e-05,10.240682918921065,0.007146470966804483,0.13546742021981228
429,0.013059686181751979,0.0001705554031658436,10.240992385607642,-0.013059686181751979,0.1384767512093979
430,0.00395977463793263,1.5679815183214486e-05,10.240591250678692,-0.00395977463793263,0.13999390789431354
431,0.004691381014172895,2.2009055820141904e-05,10.240607643865873,0.004691381014172895,0.13693058471768707
432,0.005874338152353118,3.450784872819144e-05,10.240640016595389,0.005874338152353118,0.139951283124662
433,0.005874338152353118,3.450784872819144e-05,10.240640016595389,0.005874338152353118,0.13541223230526533
434,0.003128642577554395,9.788404378086209e-06,10.240575991489775,0.003128642577554395,0.13688228705397568
435,0.004945712498697215,2.4460072119769852e-05,10.240613992170168,0.004945712498697215,0.14141385849743932
436,0.004612604100126999,2.1276116584508402e-05,10.24060574550139,0.004612604100126999,0.13835460684080483
437,0.012640680708247629,0.00015978680876786377,10.240964494716435,0.012640680708247629,0.138337486287876
438,0.002725400718029458,7.427809073835486e-06,10.24056987737031,-0.002725400718029458,0.13832044563703355
439,0.00977305049234079,9.551251592584255e-05,10.240798022089876,0.00977305049234079,0.1383034843303478
440,0.026006112822248115,0.0006763179041234978,10.242302277169802,0.026006112822248115,0.13828660181507038
441,0.010953482896277202,0.00011997878755903721,10.240861390740688,0.010953482896277202,0.13976428303366895
442,0.007578226335376487,5.7429514390193745e-05,10.240699385139369,-0.007578226335376487,0.14125441089171603
443,0.020498225571651773,0.00042017725158631866,10.24163890051582,-0.020498225571651773,0.13824643437432557
444,0.00277228453853578,7.685561562604543e-06,10.240570544968744,0.00277228453853578,0.1382298603983327
445,0.004892101282010525,2.3932654953449016e-05,10.240612626122854,-0.004892101282010525,0.13529939496223373
446,0.00975731567819044,9.520520924386097e-05,10.240797226151612,0.00975731567819044,0.13243742562884098
447,0.003262412891007014,1.0643337871408743e-05,10.240578205831381,0.003262412891007014,0.13102461094158788
448,0.034417398578650955,0.0011845573249217249,10.243618498302586,0.034417398578650955,0.1296299918090693
449,0.010764335352900582,0.00011587091558970529,10.240850751197495,0.010764335352900582,0.12825329383963038
450,0.022011187868122905,0.00048449239136580093,10.241805471853063,-0.022011187868122905,0.13096933696613786
451,0.012796512301331157,0.00016375072707811963,10.240974761354762,-0.012796512301331157,0.1309541172934664
452,0.009409005562005732,8.85293856658548e-05,10.24077993545735,-0.009409005562005732,0.12957259923049524
453,0.005112133140640886,2.6133905247638845e-05,10.240618327514294,-0.005112133140640886,0.1309208650662408
454,0.0005261384368131852,2.768216546922221e-07,10.240551355763083,-0.0005261384368131852,0.12954578991685095
455,0.00873441035352884,7.628992422383179e-05,10.240748234641948,-0.00873441035352884,0.12953099824754877
456,0.004827593462713338,2.3305658641232555e-05,10.240611002158467,0.004827593462713338,0.13223798629466138
457,0.013891492414899322,0.00019297356151320538,10.24105044899312,-0.013891492414899322,0.13222301862197597
458,0.0019930829941448985,3.972379821549594e-06,10.240560927545072,0.0019930829941448985,0.13220811769100985
459,0.007806144506461594,6.093589205576052e-05,10.240708466860326,-0.007806144506461594,0.1349529849226586
460,0.003578668339306465,1.2806867082754493e-05,10.240583809532513,-0.003578668339306465,0.13774874598856424
461,0.01694738149380178,0.0002872137394964551,10.241294530675313,-0.01694738149380178,0.13773342300142533
462,0.005801150095885575,3.365334243499322e-05,10.240637803367285,0.005801150095885575,0.13771816773679152
463,0.007827610333079615,6.127148352653476e-05,10.240709336061425,-0.007827610333079615,0.13629985176892168
464,0.009034976173227832,8.163079445079464e-05,10.24076206776846,0.009034976173227832,0.13628488468701597
465,0.013963909694581606,0.00019499077395843014,10.241055673596918,0.013963909694581606,0.13907786306438188
466,0.007362499636024582,5.42064008904621e-05,10.240691037085256,0.007362499636024582,0.14192196018584596
467,0.0136102100557772,0.0001852378177623788,10.241030413313569,-0.0136102100557772,0.13905368050486322
468,0.0050535819428161426,2.553869045275738e-05,10.24061678586672,-0.0050535819428161426,0.13763692921438447
469,0.023056549308741157,0.0005316044660264123,10.241927487674683,-0.023056549308741157,0.13902073365811524
470,0.014671881553354471,0.00021526410831566322,10.241108181692692,-0.014671881553354471,0.13622886139098123
471,0.012621627520660195,0.00015930548127028683,10.240963248066935,-0.012621627520660195,0.13759275055831047
472,0.0026887535772493303,7.2293957991710705e-06,10.240569363464914,0.0026887535772493303,0.13757814757599607
473,0.00046645289919688623,2.175783071691805e-07,10.240551202318182,0.00046645289919688623,0.1375636076032791
474,0.004172162739683568,1.7406941926403895e-05,10.240595724062196,-0.004172162739683568,0.1361798009129104
475,0.012542350095707443,0.0001573105459232925,10.24095808113678,0.012542350095707443,0.1375318299631517
476,0.012542350095707443,0.0001573105459232925,10.24095808113678,0.012542350095707443,0.1334679477524352
477,0.003511184587279864,1.232841720595167e-05,10.240582570311982,-0.003511184587279864,0.1347875509264271
478,0.00396329328051084,1.5707693627342375e-05,10.240591322885894,-0.00396329328051084,0.13611744019708477
479,0.005690150976253815,3.2377818132562245e-05,10.240634499674089,0.005690150976253815,0.13745767430983863
480,0.007205359005324503,5.1917198395610905e-05,10.240685107913572,0.007205359005324503,0.13744356625749787
481,0.028869227557314504,0.0008334322997560072,10.242709175711058,0.028869227557314504,0.1415554331128082
482,0.014571622087176744,0.00021233217025149714,10.241100587958663,0.014571622087176744,0.14435405359946976
483,0.021421463665764952,0.000458879105583688,10.241739135550825,-0.021421463665764952,0.14865464894472813
484,0.0012086230254725874,1.4607696177025106e-06,10.240554422280553,-0.0012086230254725874,0.1501033509079578
485,0.01941065703104704,0.0003767736063769359,10.241526487577657,-0.01941065703104704,0.1500882599018783
486,0.01484044438591342,0.00022023878957138916,10.241121066134951,-0.01484044438591342,0.14861578606462303
487,0.0029784921373734773,8.871415412395624e-06,10.240573616419582,0.0029784921373734773,0.14716075571314916
488,0.0030294270898408616,9.177428492661672e-06,10.240574409016443,0.0030294270898408616,0.14858325566547056
489,0.005683259169387565,3.229943478642784e-05,10.240634296655964,0.005683259169387565,0.14713450059701355
490,0.016963698093333226,0.0002877670530017573,10.241295963746156,-0.016963698093333226,0.14712000741481454
491,0.009768483365886291,9.542326726959717e-05,10.240797790931804,0.009768483365886291,0.1471055744320097
492,0.020056515642813834,0.000402263819730436,10.241592505837284,-0.020056515642813834,0.1514074084936412
493,0.005930124552181691,3.51663772043881e-05,10.240641722227743,0.005930124552181691,0.15139267477232748
494,0.008963055894748889,8.03363709723928e-05,10.240758715146477,-0.008963055894748889,0.15137800187079103
495,0.0002995282659296796,8.971718209084086e-08,10.240550871147875,0.0002995282659296796,0.15577775815559658
496,0.0018894589029345224,3.570054945878529e-06,10.240559885492699,-0.0018894589029345224,0.15576278136301414
497,0.004000877729198652,1.6007022603997763e-05,10.240592098169717,0.004000877729198652,0.1528031817048507
498,0.00980048758386264,9.604955688144578e-05,10.240799413050265,-0.00980048758386264,0.15134023772688512
499,0.000530391442348942,2.813150821169911e-07,10.24055136740141,0.000530391442348942,0.14847609728863148
